env,hash,bytes,chunk_size,iterations,warmup
native,sha1,131072,16384,10000,500
times
0.000160389
0.000160388
0.000160357
0.000160356
0.000160388
0.000160357
0.000160388
0.000160389
0.000160324
0.000160356
0.000160389
0.00016042
0.000160357
0.000160356
0.000160388
0.000160389
0.000160356
0.000160357
0.000166148
0.000160292
0.000160325
0.000160356
0.000160325
0.000180133
0.000160324
0.000160356
0.000160389
0.000160356
0.000160388
0.000160389
0.000160356
0.000160389
0.000160324
0.000160388
0.000160389
0.000160388
0.000160325
0.000160388
0.000160388
0.000160357
0.000160356
0.000160325
0.000160356
0.00016618
0.000160421
0.000160356
0.000160421
0.000166756
0.000160357
0.00016042
0.000160388
0.000160389
0.000160356
0.000160357
0.000160388
0.000160324
0.000160421
0.000160356
0.000160388
0.000160357
0.000160356
0.000160325
0.000160388
0.000160356
0.000160389
0.000160356
0.000160357
0.000166628
0.000160389
0.000160388
0.000160388
0.000160357
0.000160388
0.000160324
0.000160388
0.000160356
0.000160357
0.000160388
0.000160356
0.000160357
0.000160356
0.000160389
0.000160356
0.00016042
0.000160389
0.000160388
0.000160389
0.000160388
0.000160356
0.000160325
0.000160356
0.000160356
0.000167332
0.000160324
0.000160389
0.000160356
0.000166725
0.000160324
0.000160389
0.000160388
0.000160388
0.000160357
0.00016042
0.000160389
0.000160356
0.000160388
0.000160389
0.000160388
0.000160356
0.000160357
0.000160324
0.000160325
0.000160388
0.000160356
0.000160357
0.000160324
0.000160325
0.00016954
0.000160389
0.000160356
0.000160356
0.000167525
0.000160388
0.000160357
0.000160324
0.000160389
0.00016042
0.000160388
0.000160357
0.00016042
0.000160388
0.000160357
0.000160324
0.000160357
0.000160324
0.000160388
0.000160325
0.000160356
0.000160357
0.00016042
0.000160356
0.000160325
0.000177445
0.000167876
0.000160389
0.000160356
0.000160356
0.000160389
0.000160356
0.000160357
0.000160388
0.00016042
0.000160421
0.000160388
0.00016042
0.000160325
0.000160356
0.000160389
0.000160388
0.00016042
0.000160741
0.000160708
0.000160485
0.00016042
0.000160484
0.000160389
0.000160868
0.000171461
0.000160388
0.000160421
0.00016042
0.000167589
0.000160708
0.000160356
0.000160357
0.000160356
0.000160389
0.000160388
0.000160356
0.000160421
0.000160356
0.000160421
0.00016042
0.000160324
0.000160389
0.000160388
0.000160356
0.000160421
0.000160356
0.000160357
0.000160356
0.000171813
0.000160324
0.000160357
0.000160292
0.000161284
0.000160421
0.000160356
0.000160325
0.000160324
0.000160324
0.000160325
0.000160324
0.000160324
0.000160357
0.000160356
0.000160357
0.000160356
0.000160356
0.000160325
0.000160324
0.000160357
0.000160356
0.000160388
0.000160389
0.000160356
0.000169253
0.000160356
0.000160389
0.000160292
0.000160356
0.000167781
0.000160324
0.000160357
0.000160324
0.000160356
0.000160293
0.000160324
0.000160325
0.000160324
0.000160324
0.000160357
0.000160324
0.000160325
0.000160292
0.000160324
0.000160357
0.000160356
0.000160357
0.000160292
0.000160324
0.000166149
0.000160324
0.000160325
0.000167524
0.000160357
0.000160292
0.000160324
0.000160325
0.000160388
0.000160293
0.000160388
0.000160356
0.000160389
0.000160356
0.000160324
0.000160357
0.000160356
0.000160325
0.000160356
0.000160324
0.000160325
0.000160292
0.000160325
0.000160356
0.000160324
0.000165829
0.000160324
0.000160293
0.000160356
0.000167461
0.000160356
0.000160356
0.000160293
0.000160324
0.000160293
0.000160356
0.000160324
0.000160325
0.000160356
0.000160293
0.000160356
0.000160324
0.000160325
0.000160324
0.000160324
0.000160357
0.000160356
0.000160325
0.000160356
0.000172229
0.000160388
0.000160356
0.000160324
0.000160356
0.000160293
0.000160292
0.000160356
0.000160357
0.000160356
0.000160357
0.000160356
0.000160324
0.000160357
0.000160356
0.000160325
0.000160324
0.000160324
0.000160357
0.000160388
0.000160356
0.000160357
0.000160324
0.000160357
0.000160356
0.000164645
0.000160324
0.000160292
0.000160325
0.000160292
0.000160292
0.000160325
0.000160388
0.000160325
0.000160292
0.000160324
0.000160325
0.000160388
0.000160325
0.000160324
0.000160324
0.000160325
0.000160292
0.000160325
0.000160356
0.000160356
0.000160293
0.000160324
0.000160324
0.000160293
0.000165252
0.000160293
0.000160356
0.000160325
0.000160356
0.000160324
0.000160325
0.000160324
0.000160324
0.000160357
0.000160356
0.000160325
0.000160356
0.000160324
0.000160325
0.000160292
0.000160357
0.000160324
0.000160324
0.000160325
0.000160356
0.000160357
0.000160356
0.000160324
0.000160293
0.00016634
0.000160325
0.000160324
0.000160292
0.000160357
0.000160356
0.000160325
0.000160324
0.000160324
0.000160325
0.000160356
0.000160325
0.000160356
0.000160292
0.000160325
0.000160292
0.000160356
0.000160325
0.000160292
0.000160325
0.000160388
0.000160356
0.000160325
0.000160324
0.000160325
0.000163716
0.000160356
0.000160357
0.000160356
0.000160357
0.000160324
0.000160292
0.000160293
0.000160292
0.000160325
0.000160324
0.000160356
0.000160357
0.000160356
0.000160292
0.000160325
0.000160324
0.000160357
0.000160324
0.000160324
0.000160325
0.000160324
0.000160325
0.000160324
0.000160356
0.000164101
0.000160324
0.000160325
0.000160356
0.000160356
0.000160357
0.000160356
0.000160389
0.000160356
0.000160324
0.000160325
0.000160292
0.000160356
0.000160325
0.000160324
0.000160293
0.000160324
0.000160292
0.000160357
0.000160356
0.000160357
0.000160356
0.000160356
0.000160357
0.000160324
0.000164421
0.000160356
0.000160356
0.000160325
0.000160356
0.000160357
0.000160356
0.000160356
0.000160325
0.000160388
0.000160325
0.000160324
0.000160324
0.000160325
0.000160356
0.000160388
0.000160357
0.000160388
0.000160357
0.000160356
0.000160324
0.000160325
0.000160324
0.000160357
0.000164612
0.000160388
0.000160325
0.000160292
0.000160325
0.000160356
0.000160324
0.000160357
0.000160356
0.000160357
0.000160388
0.000160292
0.000160325
0.000160324
0.000160388
0.000160324
0.000160356
0.000160325
0.000160356
0.000160324
0.000160325
0.000160324
0.000160325
0.000160324
0.000160356
0.000163845
0.000160356
0.000160325
0.000160324
0.000160324
0.000160357
0.000160324
0.000160357
0.000160292
0.000160324
0.000160357
0.000160324
0.000160357
0.000160356
0.000160356
0.000160293
0.000160356
0.000160356
0.000160357
0.000160324
0.000160325
0.000160324
0.000160324
0.000160357
0.000160292
0.000163717
0.000160292
0.000160356
0.000160325
0.000160356
0.000160325
0.000160292
0.000160324
0.000160357
0.000160356
0.000160293
0.000160324
0.000160324
0.000336362
0.00016042
0.000160292
0.000160357
0.000160324
0.000160357
0.000160356
0.000160324
0.000160325
0.000160324
0.000160356
0.000168325
0.000160356
0.000160357
0.000160356
0.000160357
0.000160356
0.000160388
0.000160357
0.000160324
0.000160325
0.000160356
0.000160356
0.000160389
0.000160356
0.000160357
0.000160356
0.000160388
0.000160357
0.000160356
0.000160324
0.000160325
0.000160356
0.000160357
0.000160324
0.000160324
0.000164229
0.000160324
0.000160357
0.000160324
0.000160324
0.000160389
0.000160356
0.000160325
0.000160324
0.000160356
0.000160325
0.000160324
0.000160325
0.000160324
0.000160356
0.000160325
0.000160324
0.000160324
0.000160293
0.000160356
0.000160357
0.000160356
0.000160356
0.000160357
0.000160324
0.000167781
0.000160324
0.000160357
0.000160292
0.000160356
0.000160357
0.000160356
0.000160357
0.000160356
0.000160356
0.000160357
0.000160356
0.000160356
0.000160389
0.000160388
0.000160357
0.000160292
0.000160324
0.000160325
0.000160324
0.000160325
0.000160292
0.000160356
0.000160325
0.00016426
0.000160357
0.000160324
0.000160292
0.000160357
0.000160324
0.000160325
0.000160356
0.000160324
0.000160325
0.000160292
0.000160356
0.000160357
0.000160324
0.000160357
0.000160292
0.00016026
0.000160325
0.000160324
0.000160325
0.000160388
0.000160356
0.000160325
0.000160292
0.000160357
0.00016426
0.000160356
0.000160389
0.000160292
0.000160325
0.000160324
0.000160356
0.000160325
0.000160292
0.000160325
0.000160292
0.000160324
0.000160325
0.000160356
0.000160356
0.000160293
0.000160356
0.000160325
0.000160324
0.000160356
0.000160293
0.000160324
0.000160293
0.000160324
0.000160356
0.000163973
0.000160356
0.000160325
0.000160292
0.000160324
0.000160293
0.000160388
0.000160357
0.000160388
0.000160356
0.000160325
0.000160324
0.000160324
0.000160389
0.000160388
0.000160325
0.000160676
0.000160324
0.000169285
0.000160324
0.000160357
0.000160324
0.000160357
0.000160356
0.000167205
0.00016026
0.000160356
0.000160357
0.000160356
0.000160356
0.000160357
0.000160356
0.000160293
0.000160356
0.000160388
0.000160357
0.000160324
0.000160357
0.000160356
0.00016026
0.000160357
0.000160356
0.000160356
0.000160324
0.000160356
0.000160388
0.000160324
0.000160357
0.000166628
0.000160325
0.000160324
0.000160324
0.000167237
0.000160388
0.000160389
0.000160324
0.000160357
0.000160324
0.000160324
0.000160293
0.000160388
0.000160357
0.000160292
0.000160356
0.000160325
0.00016042
0.000160356
0.000160357
0.000160292
0.000160325
0.000160388
0.000160324
0.000160293
0.000164932
0.000160357
0.000160356
0.000160356
0.000160324
0.000160356
0.000160357
0.000160356
0.000160324
0.000160325
0.000160324
0.000160389
0.000160324
0.000160324
0.000160325
0.000160324
0.000160389
0.000160388
0.000160356
0.000160325
0.000160324
0.000160292
0.000160357
0.000160356
0.000160357
0.000164868
0.000160325
0.000160324
0.000160356
0.000160389
0.000160356
0.000160324
0.000160292
0.000160388
0.000160389
0.000160324
0.000160356
0.000160293
0.000160356
0.000160325
0.000160324
0.000160356
0.000160357
0.000160388
0.000160357
0.000160388
0.000160324
0.000160389
0.000160324
0.000160356
0.000165445
0.000160356
0.000160357
0.000160356
0.000160325
0.000160356
0.000160356
0.000160293
0.000160324
0.000160325
0.000160356
0.000160388
0.000160325
0.000160292
0.000160356
0.000160325
0.000160388
0.000160357
0.000160324
0.000160324
0.000160357
0.000160356
0.000160421
0.000160324
0.000160324
0.000165029
0.000160356
0.000160389
0.000160356
0.000160324
0.000160325
0.000160388
0.000160357
0.000160324
0.000160324
0.000160357
0.000160324
0.000160325
0.00016042
0.000160324
0.000160325
0.000160324
0.000160356
0.000160293
0.000160324
0.000160325
0.000160324
0.000160324
0.000160389
0.000164228
0.000160389
0.000160324
0.00016042
0.000160325
0.000160324
0.000160325
0.000160388
0.000160324
0.000160293
0.000160292
0.000160389
0.000160356
0.000160324
0.000160325
0.000160324
0.000160356
0.000160357
0.000160292
0.000160325
0.000160324
0.000160356
0.000160357
0.000160292
0.000160325
0.0001657
0.000160324
0.000160292
0.000160388
0.000160325
0.000160324
0.000160324
0.000160357
0.000160388
0.000160325
0.000160356
0.000160356
0.000160389
0.000160324
0.000160357
0.000160324
0.000160292
0.000160389
0.000160324
0.000160324
0.000160325
0.000160388
0.000160325
0.000160324
0.000160324
0.000164005
0.000160356
0.000160325
0.000160292
0.000160324
0.000160325
0.000160324
0.000160357
0.000160292
0.000160388
0.000160325
0.000160324
0.000160325
0.000160356
0.000160356
0.000160293
0.000160324
0.000160325
0.000160356
0.000160292
0.000160293
0.000160388
0.000160388
0.000160325
0.000160324
0.000165125
0.000160356
0.000160325
0.000160292
0.000160356
0.000160389
0.000160356
0.000160324
0.000160325
0.000160388
0.000160325
0.000160324
0.000160324
0.000160293
0.000160324
0.000160357
0.000160324
0.000160324
0.000160293
0.000160356
0.000160293
0.000160356
0.000160292
0.000160325
0.000160388
0.000165637
0.000160356
0.000160388
0.000160389
0.000160388
0.000160357
0.000160356
0.000160388
0.000160325
0.000160324
0.000160292
0.000160357
0.000160388
0.000160325
0.00016026
0.000160388
0.000160325
0.000160324
0.000160325
0.000160292
0.000160356
0.000160325
0.000160324
0.000160325
0.000160356
0.000167108
0.000160325
0.000160292
0.000160325
0.000160388
0.000160388
0.000160357
0.000160324
0.000160357
0.000160388
0.000160324
0.000160325
0.000160324
0.000160421
0.000160356
0.000160324
0.000160325
0.000160324
0.000160356
0.000160293
0.000160324
0.000160357
0.000160356
0.000160324
0.000160325
0.000164388
0.000160325
0.000160324
0.000160292
0.000160357
0.000160324
0.000160389
0.000160356
0.000160356
0.000160357
0.000160356
0.000167141
0.000160356
0.000160325
0.000160324
0.000160356
0.000160325
0.000160388
0.000160356
0.000160325
0.000160324
0.000160293
0.000160356
0.000160324
0.000165765
0.000160356
0.000160357
0.000160324
0.000160324
0.000160357
0.000160324
0.000160357
0.000160324
0.000160324
0.000160357
0.000160324
0.000160357
0.000160324
0.000160324
0.000160325
0.000160388
0.000160357
0.000160356
0.000160292
0.000160325
0.000160324
0.000160324
0.000160325
0.000160324
0.000165349
0.000160356
0.000160357
0.000160356
0.000160324
0.000160325
0.000160324
0.000160324
0.000160389
0.000160356
0.000160357
0.000160324
0.000160324
0.000160357
0.000160324
0.000160357
0.000160324
0.000160388
0.000160357
0.000160356
0.000160357
0.000160324
0.000160356
0.000160325
0.000160324
0.000165413
0.000160356
0.000160388
0.000160325
0.000160388
0.000167397
0.000160324
0.000160325
0.000160356
0.000160356
0.000160357
0.000160388
0.000160356
0.000160325
0.000160388
0.000160389
0.000160356
0.000160324
0.000160357
0.000160292
0.000160325
0.00016042
0.000160388
0.000160389
0.000160388
0.000167077
0.000160356
0.000160388
0.000160325
0.000160388
0.000160325
0.000160356
0.000160356
0.000160357
0.000160356
0.000160389
0.000167588
0.000160389
0.000160292
0.000160388
0.000160357
0.000160388
0.000160421
0.00016042
0.000160356
0.000160357
0.000160356
0.000160356
0.000160293
0.000160356
0.000169573
0.000160356
0.000160325
0.000160388
0.000160388
0.000160325
0.000160388
0.000160357
0.000160324
0.00016042
0.000160421
0.000160388
0.000160357
0.000160388
0.00016042
0.000160357
0.000160388
0.000160388
0.000160357
0.000160388
0.000160389
0.000160324
0.000160388
0.000160325
0.000160388
0.000165381
0.000160356
0.000160389
0.000160388
0.000160388
0.000160357
0.000160388
0.000160388
0.000160325
0.00016042
0.000160325
0.000160324
0.000160324
0.000160357
0.000160324
0.000160357
0.000160356
0.000160324
0.000160421
0.000160388
0.000160325
0.000160356
0.000160388
0.000160421
0.000160324
0.000166085
0.000160324
0.000323689
0.000160452
0.000160325
0.000160292
0.000160389
0.000160356
0.000160324
0.000160389
0.000160324
0.000160324
0.000160357
0.000160356
0.000160325
0.000160292
0.000160324
0.000160389
0.000160356
0.000160357
0.000160324
0.00016042
0.000160357
0.000167812
0.000160389
0.000160324
0.000160356
0.000160421
0.000160356
0.000160325
0.00016042
0.000160388
0.000160357
0.000160388
0.000160421
0.000160324
0.000160356
0.000160389
0.000160324
0.000160325
0.000160324
0.00016042
0.000160357
0.000160324
0.000160356
0.000160292
0.000160324
0.000160357
0.000167012
0.000160389
0.000160356
0.000160388
0.000160357
0.000160324
0.000160389
0.000160324
0.000160292
0.000160389
0.000160324
0.000160324
0.000160356
0.000160325
0.000160356
0.000160324
0.000160357
0.000160356
0.000160325
0.000160356
0.000160452
0.000160325
0.000160356
0.000160357
0.000160356
0.0001665
0.000160389
0.000160356
0.000160357
0.000160356
0.000160356
0.000160357
0.000160356
0.000160325
0.000160324
0.000160388
0.000160357
0.000160356
0.000160325
0.000160356
0.000160388
0.000160325
0.000160388
0.000160324
0.000160389
0.000160324
0.000160389
0.000160356
0.000160324
0.000160357
0.000167044
0.000160325
0.000160388
0.000160357
0.000160356
0.000160324
0.000160357
0.000160324
0.000160324
0.000160325
0.000160388
0.000160293
0.000160356
0.000160324
0.000160325
0.000160388
0.000160293
0.000160388
0.000160356
0.000160325
0.000160356
0.000160389
0.00016042
0.000160324
0.000160389
0.000166756
0.000160389
0.000160388
0.000160388
0.000160389
0.000160388
0.000160357
0.000160324
0.000160388
0.000160389
0.000160356
0.000160357
0.000160356
0.000160292
0.000160421
0.000160324
0.000160388
0.000160389
0.000160324
0.000160389
0.00016042
0.000160324
0.000160325
0.000160388
0.000165541
0.000160388
0.000160325
0.000160324
0.000160388
0.000160357
0.000160324
0.000160324
0.000160357
0.00016042
0.000160357
0.000160356
0.000160356
0.000160421
0.000160356
0.000160357
0.000160356
0.000160388
0.000160389
0.000160324
0.000160356
0.00016042
0.000160356
0.000160357
0.000160324
0.000165733
0.000160356
0.000160356
0.000160389
0.000160356
0.000160357
0.000160324
0.000160356
0.000160357
0.000160292
0.000160324
0.000160325
0.000160388
0.000160325
0.000160324
0.000160356
0.000160421
0.000160356
0.000160389
0.000160324
0.000160388
0.000160389
0.000160324
0.000160357
0.000160292
0.000164996
0.000160325
0.000160324
0.000160325
0.000160324
0.000160356
0.000160389
0.00016122
0.000160325
0.000160388
0.000160324
0.000160325
0.00016042
0.000160357
0.000160324
0.000160324
0.000160357
0.000160388
0.000160357
0.000160324
0.000160324
0.000160325
0.00016042
0.000160356
0.000170885
0.000160421
0.000160388
0.000160356
0.000160325
0.000160356
0.000160356
0.000160325
0.000160324
0.000160325
0.00016042
0.000160356
0.000160357
0.000160356
0.000160357
0.000160356
0.00016042
0.000160357
0.000160356
0.000160357
0.000160356
0.000160388
0.000160389
0.000160356
0.000160324
0.000166821
0.000160388
0.000160357
0.000160292
0.000160325
0.000160388
0.000160356
0.000160357
0.000160324
0.000160357
0.000160388
0.000160356
0.000160357
0.000160388
0.000160356
0.000160389
0.00016042
0.000160389
0.000160324
0.000160324
0.000160357
0.000160388
0.000160357
0.000160324
0.000160356
0.000164965
0.000160324
0.000160293
0.000160356
0.000160388
0.000160357
0.000160292
0.000160325
0.000160356
0.000160388
0.000160357
0.000160324
0.000160357
0.000160388
0.000160324
0.000160325
0.000160324
0.000160356
0.000160325
0.000160324
0.000160389
0.000160356
0.000160324
0.000160357
0.000160388
0.000165253
0.000160324
0.000160388
0.000160325
0.000160324
0.000160325
0.000160388
0.000160356
0.000160325
0.000160356
0.000160421
0.000160324
0.000160324
0.000160357
0.000160388
0.000160325
0.000160324
0.000160356
0.000160357
0.000160324
0.000160324
0.000160325
0.000160388
0.000160325
0.000160324
0.000164677
0.000160356
0.000160324
0.000160421
0.000160356
0.000160324
0.000160357
0.00016042
0.000160357
0.000160356
0.000160324
0.000160357
0.000160356
0.000160325
0.000160356
0.000160388
0.000160389
0.000160324
0.000160325
0.000160356
0.000160324
0.000160325
0.000160324
0.000160388
0.000164421
0.000160388
0.000160357
0.000160356
0.000160357
0.000160388
0.000160356
0.000160325
0.000160292
0.000160388
0.000160357
0.000160292
0.000160293
0.000160356
0.000160356
0.000160357
0.000160388
0.000160325
0.000160324
0.000160324
0.000160389
0.000160388
0.000160325
0.000160356
0.000160324
0.000164709
0.000160324
0.000160357
0.000160324
0.000160324
0.000160357
0.000160388
0.000160357
0.000160324
0.000160292
0.000160389
0.000160324
0.000160324
0.000160325
0.000160388
0.000160325
0.000160292
0.000160292
0.000160357
0.000160356
0.000160357
0.000160324
0.000160324
0.000160357
0.000160324
0.000164517
0.000160324
0.000160292
0.000160325
0.000160356
0.000160357
0.000160356
0.000160324
0.000160293
0.000160388
0.000160324
0.000160325
0.000160324
0.000160357
0.000160324
0.000160292
0.000160293
0.000160356
0.000160357
0.000160356
0.000160292
0.000160325
0.000160356
0.000160357
0.000160292
0.000164068
0.000160389
0.000160356
0.000160357
0.000160324
0.000160356
0.000160357
0.000160324
0.000160293
0.000160388
0.000160356
0.000160325
0.000160292
0.000160356
0.000160389
0.000160292
0.000160357
0.000160356
0.000160388
0.000160357
0.000160292
0.000160293
0.000160292
0.000160356
0.000160325
0.000166084
0.000160325
0.000160356
0.000160356
0.000160293
0.000160356
0.000160293
0.000160388
0.000160292
0.000160389
0.000160292
0.000160357
0.000160292
0.000160356
0.000160357
0.000160356
0.000160388
0.000160325
0.000160356
0.000160293
0.000160356
0.000160292
0.000160357
0.00016026
0.000160325
0.000164484
0.000160356
0.000160293
0.000160324
0.000160325
0.000160324
0.000160356
0.000160261
0.000160356
0.000160293
0.000160324
0.000160292
0.000160357
0.00016026
0.000160357
0.000160356
0.000160292
0.000160389
0.00016026
0.000160388
0.000160293
0.000160324
0.000160357
0.000160292
0.000160388
0.000163909
0.000160292
0.000160357
0.000160292
0.000160356
0.000160357
0.000160324
0.000160357
0.00016026
0.000160356
0.000160325
0.000160388
0.000160357
0.00016026
0.000160356
0.000160293
0.000160388
0.000160292
0.000160325
0.000160292
0.000160357
0.000160292
0.000160388
0.000160357
0.000164036
0.000160389
0.000160388
0.000160292
0.000160293
0.000160356
0.000160293
0.000160324
0.000160292
0.000160357
0.000160292
0.000160325
0.000160388
0.000160324
0.000160357
0.000160324
0.000160356
0.000160388
0.000160324
0.000160325
0.000160356
0.000160324
0.000160325
0.000160292
0.000160325
0.000164292
0.000160324
0.000160293
0.000160356
0.000160325
0.000160324
0.000160356
0.000160389
0.000160356
0.000160357
0.00016042
0.000160388
0.000160325
0.000160356
0.000160357
0.000160356
0.000160292
0.000160389
0.000160292
0.000160356
0.000160389
0.000160324
0.000160325
0.000160356
0.000160324
0.000169733
0.000160388
0.000160325
0.000160292
0.000160388
0.000160324
0.000160389
0.000160356
0.000160356
0.000160293
0.000160388
0.000160325
0.000160356
0.000160356
0.000160325
0.000160324
0.000160357
0.000160388
0.000160356
0.000160325
0.000160324
0.000160357
0.000160292
0.000160356
0.000160325
0.00016842
0.000160389
0.000160356
0.000160356
0.000160357
0.000160324
0.000160325
0.000160324
0.000160388
0.000160389
0.000160324
0.000160389
0.000160292
0.000160356
0.000160357
0.000160388
0.000160388
0.000160356
0.000160356
0.000160389
0.00016042
0.000160356
0.000160389
0.000160356
0.000160421
0.000165828
0.000160325
0.000160324
0.000160388
0.000160293
0.000160324
0.000160388
0.000160293
0.000160388
0.000160325
0.000160356
0.000160356
0.000160357
0.000160324
0.000160357
0.000160324
0.000160388
0.000160325
0.000305224
0.000160324
0.000160388
0.000160356
0.000160293
0.000160356
0.000166981
0.000160388
0.000160324
0.000160325
0.000160388
0.000160293
0.000160356
0.000160324
0.000160357
0.000160356
0.000160357
0.000160388
0.000160356
0.000160357
0.000160324
0.000160324
0.000160325
0.000160388
0.000160357
0.000160356
0.000160356
0.000160357
0.000160388
0.000160357
0.000160324
0.00016602
0.000160325
0.000160356
0.000160389
0.000160356
0.000160324
0.000160325
0.000160324
0.000160357
0.00016042
0.000160324
0.000160325
0.000160356
0.000160325
0.000160292
0.000160356
0.000160357
0.000160324
0.000160356
0.000160421
0.000160388
0.000160357
0.000160324
0.000160388
0.000165349
0.000160388
0.000160357
0.000160388
0.000160324
0.000160325
0.000160324
0.000160357
0.000160356
0.000160292
0.000160421
0.000160324
0.000160357
0.000160356
0.000160292
0.000160325
0.000160356
0.000160325
0.000160388
0.000160356
0.000160389
0.000160324
0.000160324
0.000160325
0.000160356
0.000165861
0.000160324
0.000160357
0.000160292
0.000160324
0.000160389
0.000160388
0.000160389
0.000160388
0.000160356
0.000160357
0.000160388
0.000160388
0.000160357
0.000160324
0.000160357
0.000160324
0.000160356
0.000160325
0.000160356
0.000160389
0.000160324
0.000160356
0.000160325
0.000160324
0.000165861
0.000160324
0.000160356
0.000160293
0.000160388
0.000160293
0.000160356
0.000160388
0.000160389
0.000160324
0.000160357
0.000160356
0.000160356
0.000160357
0.000160292
0.000160356
0.000160357
0.000160356
0.000160325
0.000160356
0.000160388
0.000160325
0.000160388
0.000160325
0.000160388
0.000165349
0.000160324
0.000160356
0.000160325
0.000160324
0.000160356
0.000160357
0.000160324
0.000160357
0.000160356
0.000160356
0.000160357
0.000160388
0.000160293
0.000160388
0.000160324
0.000160325
0.000160356
0.000160324
0.000160324
0.000160388
0.000160325
0.00016042
0.000160356
0.000160389
0.000165892
0.000160421
0.000160356
0.000160357
0.000160356
0.00016042
0.000160325
0.000160388
0.000160292
0.000160357
0.000160356
0.000160325
0.000160324
0.000160292
0.000160389
0.000160388
0.000160325
0.000160324
0.000160356
0.000160293
0.000160324
0.000160293
0.000160356
0.000160292
0.000160325
0.000165604
0.000160357
0.000160356
0.000160356
0.000160357
0.000160356
0.000160357
0.000160356
0.000160356
0.000160325
0.000160324
0.000160356
0.000160389
0.000160324
0.000160357
0.000160324
0.000160356
0.000160357
0.000160356
0.000160293
0.000160388
0.000160356
0.000160325
0.000160324
0.000160389
0.000165124
0.000160356
0.000160357
0.000160356
0.000160357
0.000160324
0.000160356
0.000160325
0.000160292
0.000160357
0.000160356
0.000160292
0.000160325
0.000160388
0.000160324
0.000160325
0.000160388
0.000160357
0.000160292
0.000160388
0.000160293
0.000160324
0.000160325
0.000160356
0.000160324
0.000165157
0.000160388
0.000160325
0.000160292
0.000160356
0.000160389
0.000160324
0.000160325
0.000160292
0.000160356
0.000160293
0.000160324
0.000160325
0.000160388
0.000160292
0.000160325
0.000160324
0.000160388
0.000160293
0.000160324
0.000160325
0.00016154
0.000160389
0.000160388
0.000168197
0.000160356
0.000160388
0.000160325
0.000160324
0.000160357
0.000160388
0.000160292
0.000160293
0.000160356
0.000160389
0.000160324
0.000160356
0.000160325
0.000160388
0.000160325
0.000160324
0.000160292
0.000160389
0.000160356
0.000160324
0.000160325
0.000160388
0.000160325
0.000165828
0.000160357
0.000160292
0.000160324
0.000160325
0.000160388
0.000160325
0.000160356
0.000160292
0.000160357
0.000160388
0.000160324
0.000160325
0.000160324
0.000160389
0.000160324
0.000160292
0.000160325
0.00016042
0.000160357
0.000160324
0.000160324
0.000160325
0.00016042
0.000160356
0.000164517
0.000160388
0.000160325
0.000160356
0.000160357
0.000160388
0.000160388
0.000160357
0.000160356
0.000160324
0.000160293
0.000160324
0.000160357
0.000160356
0.000160356
0.000160357
0.000160388
0.000160357
0.000160292
0.000160324
0.000160357
0.000160356
0.000160389
0.000160356
0.000160356
0.000164485
0.000160356
0.000160325
0.000160388
0.000160356
0.000160357
0.000160324
0.000160325
0.000160324
0.000160324
0.000160325
0.000160324
0.000160356
0.000160389
0.000160356
0.000160357
0.000160356
0.000160324
0.000160357
0.000160356
0.000160325
0.000160356
0.000160356
0.000160325
0.000160356
0.000163685
0.000160388
0.000160324
0.000160325
0.000160356
0.000160325
0.000160324
0.000160356
0.000160325
0.000160356
0.000160324
0.000160324
0.000160324
0.000160325
0.000160356
0.000160324
0.000160325
0.000160324
0.000160325
0.000160388
0.000160324
0.000160357
0.000160324
0.000160389
0.000160388
0.0001657
0.000160325
0.000160356
0.000160325
0.000160324
0.000160292
0.000160389
0.000160356
0.000160293
0.000160324
0.000160356
0.000160389
0.000160324
0.000160325
0.000160292
0.000160388
0.000160325
0.000160324
0.000160324
0.000160389
0.000160356
0.000160293
0.000160324
0.000160356
0.000160357
0.000163812
0.000160357
0.000160356
0.000160388
0.000160357
0.000160324
0.000160293
0.000160388
0.000160356
0.000160357
0.000160324
0.000160389
0.000160324
0.000160292
0.000160325
0.000160388
0.000160324
0.000160357
0.000160356
0.000160325
0.000160324
0.000160324
0.000160389
0.000160324
0.000160357
0.000164548
0.000160356
0.000160293
0.000160388
0.000160293
0.000160324
0.000160324
0.000160357
0.000160292
0.000160325
0.000160356
0.000160388
0.000160325
0.000160292
0.000160325
0.000160388
0.000160292
0.000160325
0.000160324
0.000160356
0.000160324
0.000160324
0.000160325
0.000160388
0.000165029
0.000160324
0.000160357
0.000160356
0.000160324
0.000160293
0.000160388
0.000160292
0.000160325
0.000160324
0.000160357
0.000160324
0.000160292
0.000160389
0.000160356
0.000160325
0.000160324
0.000160356
0.000160357
0.000160324
0.000160357
0.000160388
0.000160324
0.000160325
0.000160356
0.000164837
0.000160356
0.000160356
0.000160389
0.000160356
0.000160325
0.000160292
0.000160388
0.000160325
0.000160324
0.000160324
0.000160357
0.000160324
0.000160325
0.000160388
0.000160324
0.000160325
0.000160292
0.000160325
0.000160388
0.000160356
0.000160293
0.000160292
0.000160356
0.000160325
0.000196357
0.000160357
0.000160356
0.00016042
0.000160357
0.000160324
0.000160357
0.000160388
0.000160356
0.000160325
0.000160324
0.000160357
0.000160356
0.000160324
0.000160325
0.000160324
0.000160388
0.000160325
0.000160356
0.000160421
0.000160324
0.000160324
0.000160325
0.000160356
0.000160389
0.000168388
0.000160357
0.000160356
0.000160324
0.000160325
0.000160324
0.000160325
0.000160324
0.000160324
0.000160389
0.000160356
0.000160292
0.000160325
0.000160356
0.000160325
0.000160324
0.000160324
0.000160357
0.000160324
0.000160293
0.000160324
0.00016042
0.000160357
0.000160324
0.000160389
0.000164356
0.000160292
0.000160293
0.000160356
0.000160357
0.000160324
0.000160324
0.000160389
0.000160388
0.000160357
0.000160356
0.000160388
0.000160357
0.000160388
0.00016042
0.000160357
0.000160356
0.000160389
0.000160324
0.000160356
0.000160325
0.000160292
0.000160389
0.000160292
0.000160388
0.000164709
0.000160324
0.000160357
0.000160388
0.000160388
0.000160357
0.000160356
0.000160325
0.000160324
0.000160356
0.000160325
0.000160356
0.000160292
0.000160356
0.000160324
0.000160325
0.000160324
0.000160324
0.000160325
0.000160292
0.000160357
0.000160356
0.000160324
0.000160357
0.000166468
0.000160357
0.000160356
0.000160388
0.000160293
0.000160388
0.000160261
0.000160356
0.000160324
0.000160325
0.000160356
0.000160389
0.000160356
0.000160356
0.000160389
0.000160324
0.000160389
0.000160356
0.000160292
0.000160389
0.000160356
0.000160356
0.000160357
0.000160388
0.000160357
0.000167076
0.000160357
0.000160324
0.000160356
0.000160357
0.000160324
0.000160389
0.000160324
0.00028724
0.00016042
0.000160389
0.000160356
0.000160388
0.000160357
0.000160388
0.000160325
0.000160324
0.000160356
0.000160389
0.000160356
0.000160356
0.000160357
0.000160356
0.000160389
0.000168964
0.000160389
0.000160388
0.000160356
0.000160421
0.000160356
0.000160325
0.000160356
0.000160356
0.000160325
0.000160388
0.000160389
0.000160324
0.000160324
0.000160357
0.000160324
0.000160324
0.000160357
0.000160356
0.000160357
0.000160388
0.000160324
0.000160293
0.000160356
0.000160357
0.000165668
0.000160388
0.000160356
0.000160356
0.000160325
0.000160324
0.000160356
0.000160357
0.000160356
0.000160325
0.000160324
0.000160356
0.000160357
0.000160292
0.000160389
0.000160324
0.000160356
0.000160357
0.000160324
0.000160356
0.000160293
0.000160324
0.000160357
0.000160356
0.000160324
0.000168581
0.000160324
0.000160293
0.000160388
0.000160325
0.000160356
0.000160356
0.000160389
0.000160324
0.000160325
0.000160356
0.000160356
0.000160389
0.000160324
0.000160324
0.000160389
0.000160324
0.000160293
0.000160324
0.000160356
0.000160325
0.000160324
0.000160357
0.00016026
0.000160324
0.000165413
0.000160324
0.000160357
0.000160324
0.000160324
0.000160325
0.000160292
0.000160325
0.000160356
0.000160356
0.000160357
0.000160324
0.000160357
0.000160356
0.000160324
0.000160325
0.000160356
0.000160356
0.000160357
0.000160356
0.000160357
0.000160324
0.000160356
0.000160357
0.000160356
0.000165893
0.000160356
0.000160357
0.000160292
0.000160388
0.000160325
0.000160324
0.000160324
0.000160389
0.000160356
0.000160357
0.000160388
0.000160356
0.000160389
0.000160324
0.000160325
0.000160324
0.000160324
0.000160389
0.000160324
0.000160389
0.000160356
0.000160292
0.000160357
0.000160292
0.000165413
0.000160356
0.000160324
0.000160357
0.000160356
0.000160325
0.00016042
0.000160324
0.000160357
0.000160388
0.00016042
0.000160357
0.000160388
0.000160357
0.000160356
0.000160356
0.000160357
0.000160324
0.000160389
0.000160324
0.000160388
0.000160421
0.000160356
0.000160389
0.000165892
0.000160356
0.000160421
0.000160356
0.000160325
0.000160356
0.000160388
0.000160357
0.000160292
0.000160293
0.000160388
0.000160356
0.000160357
0.000160356
0.000160293
0.000160388
0.000160324
0.000160325
0.000160356
0.000160356
0.000160421
0.000160388
0.000160357
0.000160356
0.000160356
0.000166181
0.000160324
0.000160357
0.000160356
0.000160324
0.000160324
0.000160292
0.000160357
0.000160356
0.000160292
0.000160325
0.000160356
0.000160389
0.000160356
0.000160388
0.000160325
0.000160356
0.000160357
0.000160324
0.000160324
0.000160357
0.000160356
0.000160292
0.000160325
0.000160356
0.000166053
0.000160324
0.000160325
0.000160292
0.000160356
0.000160421
0.000160324
0.000160357
0.000160356
0.000160324
0.000160357
0.000160292
0.000160356
0.000160325
0.000160388
0.000160421
0.000160324
0.000160324
0.000160293
0.000160324
0.000160293
0.000160356
0.000160356
0.000160293
0.000160324
0.000165349
0.000160324
0.000160356
0.000160357
0.000160324
0.000160325
0.000160292
0.000160356
0.000160325
0.000160388
0.000160357
0.000160324
0.000160356
0.000160325
0.000160324
0.000160292
0.000160325
0.000160324
0.000160325
0.000160324
0.000160324
0.000160357
0.000160324
0.000160293
0.000160324
0.000166437
0.000160356
0.000160324
0.000160325
0.000160356
0.000160356
0.000160293
0.000160292
0.000160293
0.000160388
0.000160388
0.000160357
0.000160292
0.000160293
0.000160388
0.000160388
0.000160293
0.000160324
0.000160324
0.000160357
0.000160356
0.000160261
0.000160324
0.000160388
0.000160293
0.00016602
0.000178981
0.000173829
0.000160356
0.000160357
0.000160356
0.000160325
0.000160292
0.000160324
0.000160325
0.000160356
0.000163172
0.000160292
0.000160357
0.000160356
0.000160357
0.000160356
0.000160356
0.000160357
0.000160356
0.000160357
0.000160356
0.000160356
0.000160325
0.000179429
0.000168996
0.000173349
0.000160388
0.000160357
0.000160356
0.000160357
0.000160356
0.000160324
0.000160293
0.000160324
0.000160325
0.000160388
0.000160389
0.000160388
0.000160324
0.000160293
0.000160356
0.000160357
0.000160356
0.000160356
0.000160357
0.000160356
0.000160324
0.000167173
0.000160356
0.000160389
0.000160324
0.000160325
0.000160324
0.000160388
0.000160389
0.000160324
0.000160293
0.000160324
0.000160388
0.000160357
0.000160356
0.000160324
0.000160357
0.000160388
0.000160293
0.000160324
0.000160324
0.000160357
0.000160356
0.000160325
0.000160292
0.000160324
0.000166565
0.000160324
0.000160325
0.000160356
0.000160356
0.000160389
0.000160324
0.000160325
0.000160324
0.000160324
0.000160357
0.000160324
0.000160325
0.000160356
0.000160324
0.000160389
0.000160388
0.000160357
0.000160324
0.000160324
0.000160357
0.000160356
0.000160324
0.000160293
0.000160356
0.000164581
0.000160292
0.000160293
0.000160324
0.000160356
0.000160389
0.000160324
0.000160324
0.000160325
0.000160356
0.000160389
0.000160324
0.000160292
0.000160357
0.000160324
0.000160325
0.000160356
0.00016042
0.000160357
0.000160324
0.000160357
0.00016042
0.000160356
0.000160325
0.000160356
0.000164485
0.000160324
0.000160388
0.000160325
0.000160356
0.000160292
0.000160356
0.000160292
0.000160325
0.000160324
0.00016042
0.000160357
0.000160324
0.000160325
0.000160356
0.000160388
0.000160325
0.000160324
0.000160389
0.000160324
0.000160292
0.000160325
0.000160388
0.000160356
0.000160325
0.000164516
0.000160325
0.000160356
0.000160357
0.000160324
0.000160324
0.000160325
0.000160388
0.000160324
0.000160325
0.000160324
0.000160389
0.000160292
0.000160324
0.000160357
0.000160388
0.000160325
0.000160324
0.000160324
0.000160389
0.000160324
0.000160357
0.000160356
0.000160388
0.000164933
0.000160324
0.000160357
0.000160388
0.000160324
0.000160325
0.000160324
0.000160389
0.000160324
0.000160324
0.000160357
0.000160324
0.000160324
0.000160325
0.000160388
0.000160357
0.000160324
0.000160324
0.000160389
0.000160356
0.000160325
0.000160292
0.000160324
0.000160357
0.000160292
0.000167045
0.000160388
0.000160324
0.000160325
0.000160324
0.000160389
0.000160356
0.000160324
0.000160325
0.000160356
0.000160325
0.000160292
0.000160324
0.000160389
0.000160388
0.000160325
0.000160324
0.000160292
0.000160421
0.000160324
0.000160324
0.000160325
0.000160356
0.000160325
0.000160324
0.000165221
0.000167876
0.000160389
0.000160324
0.000160324
0.000160325
0.000160356
0.000160356
0.000160293
0.000160324
0.000160357
0.000160324
0.000160324
0.000160325
0.000160356
0.000160357
0.000160356
0.000160324
0.000160357
0.00016042
0.000160357
0.000160356
0.000160324
0.000160325
0.000160356
0.000165413
0.000160356
0.000160356
0.000160325
0.000160356
0.000160357
0.000160292
0.000160324
0.000160357
0.000160388
0.000160356
0.000160325
0.000160324
0.000160357
0.000160324
0.000160324
0.000160389
0.000160324
0.000160325
0.000160324
0.000160388
0.000160325
0.000160292
0.000160325
0.000160324
0.000166276
0.000160325
0.000160356
0.000160293
0.000160388
0.000160324
0.000160389
0.000160356
0.000160293
0.000160388
0.000160292
0.000160325
0.000160324
0.000160324
0.000160388
0.000160292
0.000160357
0.000160292
0.000160356
0.000160357
0.00016026
0.000160357
0.000160356
0.000160292
0.000160357
0.000164804
0.000160325
0.000160324
0.000160292
0.000160357
0.000160292
0.000160357
0.000160324
0.000160388
0.000160357
0.000160292
0.000160325
0.000160324
0.000160324
0.000160357
0.000160292
0.000160356
0.000160293
0.00016042
0.000160357
0.000160356
0.000160324
0.000160325
0.000160324
0.000160325
0.000164452
0.000160356
0.000160357
0.000160388
0.000160357
0.000160292
0.000160324
0.000160325
0.00016042
0.000160325
0.000160356
0.000160356
0.000160357
0.000160324
0.000160325
0.000160388
0.000160356
0.000160325
0.000160324
0.000160388
0.000160325
0.000160356
0.000279432
0.00016042
0.000167141
0.000160388
0.000160389
0.000160356
0.000160324
0.000160325
0.000160388
0.000160357
0.000160324
0.000160324
0.000160357
0.000160324
0.000160325
0.000160356
0.00016042
0.000160293
0.000160388
0.000160388
0.000160357
0.000160356
0.000160357
0.000160388
0.00016026
0.000160325
0.000160324
0.000166117
0.000160356
0.000160357
0.000160356
0.000160324
0.000160325
0.00016042
0.000160324
0.000160389
0.000160356
0.000160357
0.000160324
0.000160356
0.000160293
0.000160356
0.000160357
0.000160356
0.000160388
0.000160389
0.000160324
0.000160421
0.000160356
0.000160388
0.000160421
0.00016666
0.000160389
0.000160356
0.000160388
0.000160325
0.000160356
0.000160325
0.000160388
0.000160324
0.000160357
0.000160324
0.000160357
0.000160388
0.000160388
0.000160325
0.000160388
0.000160292
0.000160357
0.000160356
0.000160357
0.000160356
0.000160324
0.000160325
0.000160324
0.000160325
0.00016634
0.000160325
0.000160356
0.000160388
0.000160357
0.000160388
0.000160356
0.000160389
0.000160324
0.000160357
0.000160324
0.000160324
0.000160261
0.00016042
0.000160325
0.000160356
0.000160356
0.000160293
0.000160324
0.000160324
0.000160324
0.000160356
0.000160357
0.000160324
0.000160356
0.000165573
0.000160292
0.000160357
0.000160388
0.000160357
0.000160356
0.000160356
0.000160357
0.000160292
0.000160356
0.000160357
0.000160356
0.000160357
0.000160356
0.000160324
0.000160325
0.000160356
0.000160357
0.000160292
0.000160388
0.000160325
0.000160292
0.000160357
0.000160324
0.000160388
0.000165893
0.000160292
0.000160325
0.000160388
0.000160388
0.000160357
0.000160292
0.000160293
0.000160324
0.000160388
0.000160357
0.000160292
0.000160356
0.000160325
0.000160356
0.000160357
0.000160388
0.000160324
0.000160357
0.000160292
0.000160389
0.000160356
0.000160356
0.000160325
0.000160388
0.000166565
0.000160324
0.000160356
0.000160357
0.000160356
0.000165925
0.000160324
0.000160293
0.000160356
0.000160292
0.000160325
0.000160324
0.000160324
0.000160356
0.000160324
0.000160325
0.000160388
0.000160356
0.000160357
0.000160324
0.000160325
0.000160356
0.000160356
0.000160325
0.000160324
0.000164645
0.000160356
0.000160324
0.000160357
0.000160324
0.000160325
0.000160388
0.000160388
0.000160357
0.000160356
0.000160357
0.000160324
0.000160356
0.000160357
0.000160356
0.000160356
0.000160357
0.000160324
0.000160325
0.000160324
0.000160388
0.000160325
0.000160356
0.000160325
0.000160324
0.000168549
0.000160324
0.000160324
0.00016042
0.000160388
0.000160389
0.000160356
0.000160357
0.000160356
0.000160356
0.000160325
0.000160356
0.000160325
0.000160292
0.000160388
0.000160325
0.000160324
0.00016026
0.000160357
0.000160324
0.000160293
0.000160388
0.000160356
0.000160389
0.000167044
0.000160357
0.00016042
0.000160389
0.000160356
0.00016042
0.000160357
0.000160356
0.000160356
0.000160357
0.000160356
0.000160293
0.000160292
0.000160324
0.000160357
0.000160356
0.000160357
0.000160388
0.000160388
0.000160357
0.000160324
0.000160325
0.000160292
0.000160292
0.000160325
0.000165412
0.000160357
0.000160324
0.000160356
0.000160357
0.000160356
0.000160293
0.000160356
0.000160324
0.000160357
0.000160388
0.000160356
0.000160389
0.000160356
0.000160357
0.000160356
0.000160356
0.000160325
0.00016042
0.000160325
0.000160324
0.000160324
0.000160325
0.000160324
0.000160325
0.000165284
0.000160356
0.000160357
0.000160324
0.000160325
0.000160324
0.000160324
0.000160325
0.000160356
0.000160293
0.000160356
0.000160356
0.000160325
0.000160324
0.000160292
0.000160421
0.000160356
0.000160293
0.000160324
0.000160324
0.000160325
0.000160324
0.000160357
0.000160356
0.000160324
0.000165413
0.000160324
0.000160325
0.000160356
0.000160324
0.000160293
0.000160356
0.000160325
0.000160292
0.000160324
0.000160325
0.000160388
0.000160325
0.000160324
0.000160324
0.000160325
0.000160388
0.000160324
0.000160293
0.000160324
0.000160325
0.000160388
0.000160292
0.000160293
0.000160324
0.000164933
0.000160292
0.000160324
0.000160325
0.000160356
0.000160357
0.000160292
0.000160324
0.000160325
0.000160388
0.000160357
0.000160356
0.000160356
0.000160325
0.000160292
0.000160389
0.000160292
0.000160324
0.000160325
0.000160324
0.000160356
0.000160293
0.000160292
0.000160357
0.000160356
0.000165125
0.00016154
0.000160293
0.000160324
0.000160325
0.000160356
0.000160388
0.000160389
0.000160356
0.000160325
0.000160292
0.000160356
0.000160357
0.000160356
0.000160324
0.000160356
0.000160388
0.000160421
0.000160388
0.000160292
0.000160325
0.000160324
0.000160389
0.000160324
0.000168805
0.000160324
0.000160356
0.000160325
0.000160324
0.000160357
0.000160324
0.000160356
0.000160389
0.000160356
0.000160324
0.000160292
0.000160356
0.000160325
0.000160324
0.000160292
0.000160325
0.000160356
0.000160325
0.000160356
0.000160356
0.000160357
0.000160388
0.000160357
0.000160324
0.000164836
0.000160357
0.000160324
0.000160325
0.000160292
0.000160388
0.000160325
0.000160324
0.000160325
0.000160324
0.000160356
0.000160357
0.000160324
0.000160324
0.000160325
0.000160356
0.000160325
0.000160324
0.000160324
0.000160325
0.000160356
0.000160293
0.000160292
0.000160324
0.000165765
0.000160324
0.000160389
0.000160324
0.000160356
0.000160325
0.000160292
0.000160325
0.000160356
0.000160388
0.000160325
0.000160292
0.000160325
0.000160388
0.000160356
0.000160325
0.000160324
0.000160325
0.000160388
0.000160356
0.000160325
0.000160324
0.000160356
0.000160325
0.000160324
0.000165285
0.000160356
0.000160325
0.000160356
0.000160388
0.000160325
0.000160324
0.000160292
0.000160357
0.000160356
0.000160325
0.000160292
0.000160324
0.000160357
0.000160388
0.000160325
0.000160324
0.000160324
0.000160357
0.000160356
0.000160292
0.000160324
0.000160324
0.000160389
0.000160324
0.000164997
0.000160388
0.000160324
0.000160325
0.000160324
0.000160292
0.000160356
0.000160356
0.000160325
0.000160324
0.000160292
0.000160389
0.000160356
0.000160357
0.000160356
0.000160292
0.000160389
0.000160356
0.000160357
0.000160324
0.000160324
0.000160389
0.000160356
0.000160324
0.000160293
0.000164996
0.000160357
0.000160388
0.000160325
0.000160292
0.000160324
0.000160325
0.00016042
0.000160324
0.000160324
0.000160324
0.000160293
0.000160356
0.000160292
0.000160357
0.000160356
0.000160357
0.00016042
0.000160324
0.000160325
0.000160292
0.000160357
0.000160388
0.000160292
0.000160293
0.00016378
0.000160325
0.000160292
0.000160388
0.000160293
0.000160324
0.000160325
0.000160388
0.000160324
0.000160293
0.000160324
0.00016042
0.000160357
0.000160324
0.000160325
0.000160356
0.000160324
0.000160293
0.000160324
0.000160325
0.000160356
0.000160356
0.000160325
0.000160356
0.000160325
0.000166756
0.000160324
0.000160325
0.000160388
0.000160325
0.000160324
0.000160356
0.000160421
0.000160356
0.000160293
0.000160292
0.000160356
0.000160389
0.000160356
0.000160357
0.000160324
0.000160324
0.000160357
0.000160324
0.000160324
0.000160293
0.000160356
0.000160357
0.000160356
0.000160356
0.000165285
0.000160356
0.000160389
0.000160324
0.000160356
0.000160293
0.000160292
0.000160325
0.000160388
0.000160356
0.000160325
0.000160324
0.000160325
0.000160388
0.000160292
0.000160293
0.000160324
0.000160356
0.000160324
0.000160324
0.000160325
0.000160324
0.000160356
0.000160293
0.000164516
0.000160325
0.000160356
0.000160324
0.000160293
0.000160292
0.000160293
0.000160388
0.000160324
0.000160293
0.000160324
0.000160357
0.000160324
0.000160292
0.000160325
0.000160292
0.000160389
0.000160292
0.000160292
0.000160325
0.000160324
0.000160356
0.000160293
0.000160324
0.000160293
0.000164804
0.000160357
0.000160324
0.000160356
0.000160325
0.000160324
0.000160324
0.000160389
0.000160356
0.000160325
0.000160292
0.000160324
0.000160357
0.000285864
0.000160356
0.000160356
0.000160389
0.000160356
0.000160325
0.000160324
0.000160324
0.000160389
0.000160388
0.000160357
0.000166724
0.000160324
0.000160357
0.000160292
0.000160293
0.000160324
0.000160356
0.000160357
0.000160324
0.000160325
0.000160324
0.000160324
0.000160357
0.000160356
0.000160325
0.000160292
0.000160356
0.000160293
0.000160356
0.000160356
0.000160357
0.000160324
0.000160325
0.000160324
0.000160324
0.000166309
0.000160356
0.000160325
0.000160356
0.000160356
0.000160324
0.000160292
0.000160325
0.000160356
0.000160356
0.000160293
0.000160292
0.000160389
0.000160356
0.000160324
0.000160325
0.000160292
0.000160389
0.000160324
0.000160292
0.000160357
0.000160356
0.000160388
0.000160293
0.000160324
0.000166277
0.000160388
0.000160357
0.000160356
0.000160292
0.000160389
0.000160356
0.000160357
0.000160356
0.000160356
0.000160325
0.000160356
0.000160292
0.000160389
0.000160292
0.000160389
0.000160292
0.000160388
0.000160325
0.000160356
0.000160325
0.000160324
0.000160357
0.000160388
0.000160356
0.000166085
0.000160356
0.000160357
0.00016042
0.000160356
0.000160293
0.000160324
0.000160325
0.000160324
0.000160324
0.000160389
0.000160324
0.000160389
0.000160292
0.000160356
0.000160325
0.000160356
0.000160293
0.000160356
0.000160388
0.000160357
0.000160388
0.000160356
0.000160325
0.000160324
0.000167237
0.000160324
0.000160357
0.000160324
0.000160324
0.000160293
0.000160356
0.000160325
0.000160388
0.000160324
0.000160389
0.000160324
0.000160356
0.000160325
0.000160356
0.000160325
0.000160292
0.000160356
0.000160357
0.000160356
0.000160389
0.000160388
0.000160356
0.000160357
0.000160324
0.000165733
0.000160356
0.00016026
0.000160357
0.000160324
0.000160357
0.000160292
0.000160388
0.000160293
0.000160356
0.000160293
0.000160356
0.000160292
0.000160389
0.000160292
0.000160292
0.000160325
0.000160324
0.000160389
0.000160324
0.000160324
0.000160325
0.000160292
0.000160389
0.000164868
0.000160388
0.000160324
0.000160356
0.000160325
0.000160356
0.000160324
0.000160293
0.000160356
0.000160325
0.000160356
0.000160356
0.000160293
0.000160356
0.000160293
0.000160356
0.000160324
0.000160325
0.000160388
0.000160324
0.000160357
0.000160356
0.000160357
0.000160324
0.000160356
0.000166053
0.000160324
0.000160325
0.000160324
0.000160389
0.000160356
0.000160324
0.000160357
0.000160324
0.000160356
0.000160293
0.000160356
0.000160389
0.000160324
0.00016042
0.000160325
0.00016042
0.000160325
0.000160356
0.000160324
0.000160325
0.000160356
0.000160357
0.000160324
0.000160388
0.000167173
0.000160356
0.000160325
0.000160324
0.000160388
0.000160389
0.000160388
0.000160357
0.000160356
0.000160324
0.000160293
0.000160324
0.000160389
0.000160292
0.000160356
0.000160357
0.000160356
0.000160356
0.000160325
0.000160324
0.000160325
0.000160324
0.000160356
0.000160325
0.000160324
0.000167077
0.000160292
0.000160389
0.000160324
0.000160388
0.000160325
0.000160324
0.000160324
0.000160325
0.000160324
0.000160325
0.000160356
0.000160324
0.000160357
0.000160356
0.000160293
0.000160324
0.000160324
0.000160357
0.000160356
0.000160357
0.000160356
0.000160292
0.000160325
0.000160324
0.000166021
0.000160324
0.000160324
0.000160357
0.000160356
0.000160357
0.000160292
0.000160388
0.000160357
0.000160324
0.000160324
0.000160325
0.00016042
0.000160357
0.000160388
0.000160292
0.000160325
0.000160324
0.000160325
0.000160324
0.000160356
0.000160389
0.000160356
0.000160357
0.000160356
0.00016698
0.000160357
0.000160356
0.000160325
0.000160356
0.000160292
0.000160357
0.000160388
0.000160325
0.000160356
0.000160324
0.000160357
0.000160356
0.000160325
0.000160356
0.000160356
0.000160389
0.000160388
0.000160356
0.000160293
0.000160356
0.000160357
0.000160324
0.000160292
0.000160357
0.000165796
0.000160389
0.000160356
0.000160325
0.000160324
0.000160292
0.000160325
0.000160356
0.000160324
0.000160357
0.000160356
0.000160293
0.000160356
0.000160388
0.000160357
0.000160324
0.000160325
0.000160388
0.000160292
0.000160357
0.000160324
0.000160324
0.000160324
0.000160356
0.000171301
0.000160388
0.000160325
0.000160324
0.000160357
0.000160324
0.000160388
0.000160357
0.000160356
0.000160356
0.000160325
0.000160356
0.000160325
0.000160356
0.000160324
0.000160325
0.000160388
0.000160357
0.000160324
0.000160324
0.000160325
0.000160388
0.000160325
0.000160324
0.000160324
0.000166821
0.000160356
0.000160325
0.000160356
0.000160356
0.000160293
0.000160356
0.000160325
0.000160356
0.000160356
0.000160357
0.000160292
0.000160357
0.000160356
0.000160356
0.000160325
0.000160388
0.000160356
0.000160389
0.000160388
0.000160357
0.000160324
0.000160324
0.000160357
0.000160324
0.000167269
0.000160324
0.000160357
0.000160356
0.000160292
0.000160389
0.000178181
0.000160356
0.00016042
0.000160357
0.000160356
0.000160389
0.000160324
0.000160388
0.000160357
0.000160356
0.000162564
0.000160325
0.00016042
0.000160356
0.000160325
0.000160388
0.000160324
0.000160357
0.000171109
0.00016042
0.000160324
0.000160357
0.000167876
0.000160421
0.000160356
0.000160388
0.000160389
0.000160388
0.000160389
0.000160356
0.000160388
0.000160325
0.000160324
0.000160357
0.000160356
0.000160356
0.000160325
0.000160356
0.000160389
0.000160356
0.00016042
0.000160325
0.000160356
0.000166309
0.000160388
0.000160324
0.000160389
0.000160356
0.000160293
0.000160356
0.000160356
0.000160389
0.000160324
0.000160357
0.000160356
0.000160324
0.000160357
0.000160356
0.000160324
0.000160421
0.000160292
0.000160325
0.000160356
0.000160324
0.000160389
0.000160324
0.000160357
0.000160356
0.000164804
0.000160389
0.000160388
0.000160357
0.000167236
0.000160357
0.000160356
0.000160356
0.000160357
0.000160388
0.000160357
0.000160356
0.000160356
0.000160357
0.000160356
0.000160356
0.000160388
0.000160388
0.000160357
0.000160356
0.000160292
0.000160325
0.000160356
0.000160357
0.000165028
0.000160389
0.000160388
0.000160324
0.000160389
0.000160356
0.000160356
0.000160325
0.000160324
0.000160421
0.000160356
0.000160324
0.000160293
0.000160356
0.000160293
0.000160356
0.000160356
0.000160357
0.00016042
0.000160325
0.00016042
0.000160324
0.000160389
0.000160324
0.000160324
0.000165221
0.000160356
0.000160325
0.000160388
0.000160357
0.000160324
0.000160324
0.000160357
0.000160324
0.000160356
0.000160325
0.000160388
0.000160293
0.000160356
0.000160292
0.000160357
0.000160324
0.000160357
0.000160324
0.000160292
0.000160325
0.000160324
0.000160389
0.000160324
0.000160388
0.000165445
0.000160324
0.000160357
0.000160356
0.000160292
0.000160357
0.000160292
0.000160389
0.000160324
0.000160324
0.000160325
0.000160356
0.000160292
0.000160357
0.000160388
0.000160357
0.000160388
0.000160292
0.000160325
0.000160356
0.000160357
0.000160292
0.000160324
0.000160325
0.000160324
0.000163877
0.000160356
0.000160324
0.000160357
0.000160356
0.000160357
0.000160356
0.000160292
0.000160357
0.000160388
0.000160324
0.000160292
0.000160324
0.000160357
0.000160356
0.000160324
0.000160261
0.000160356
0.000160325
0.000160356
0.000160292
0.000160357
0.000160356
0.000160325
0.000160356
0.000164868
0.000160325
0.000160356
0.000160325
0.000160356
0.000160324
0.000160293
0.000160324
0.000160325
0.000160292
0.000160292
0.000160356
0.000160357
0.000160292
0.000160388
0.000160357
0.000160388
0.000160293
0.000160324
0.000160356
0.000160357
0.000160324
0.000160261
0.000160356
0.000160324
0.00019159
0.000160356
0.000160388
0.000160357
0.000160324
0.000160388
0.000168804
0.000160357
0.000160324
0.000160356
0.000160293
0.000160324
0.000160324
0.000160325
0.000160356
0.000160325
0.000160324
0.000160324
0.000160389
0.000160324
0.000160293
0.000160292
0.000160388
0.000160357
0.00016522
0.000160325
0.000160324
0.000305384
0.000160325
0.000160292
0.000160357
0.000160324
0.000160324
0.000160389
0.000160388
0.000160324
0.000160293
0.000160324
0.000160389
0.000160324
0.000160324
0.000160325
0.00016042
0.000160325
0.000160324
0.000160324
0.000160325
0.00016042
0.000165541
0.000160388
0.00016042
0.000160325
0.000160356
0.000160357
0.000160356
0.000160292
0.000160325
0.000160356
0.000160325
0.000160356
0.000160388
0.000160357
0.000160324
0.000160292
0.000160421
0.000160324
0.000160325
0.000160324
0.000160388
0.000160325
0.000160324
0.000160357
0.000160388
0.000165284
0.000160356
0.000160356
0.000160357
0.000160292
0.000160324
0.000160389
0.000160324
0.000160357
0.000160356
0.000160356
0.000160421
0.000160356
0.000160325
0.000160292
0.000160388
0.000160325
0.000160356
0.000160388
0.000160389
0.000160356
0.000160325
0.000160356
0.000160388
0.000160325
0.000164868
0.000160389
0.000160324
0.000160292
0.000160356
0.000160292
0.000160325
0.000160356
0.000160356
0.000160325
0.000160292
0.000160389
0.000160324
0.000160292
0.000160357
0.000160356
0.000160293
0.000160292
0.000160356
0.000160389
0.000160324
0.000160292
0.000160357
0.000160356
0.000160293
0.000163588
0.000160421
0.000160324
0.000160324
0.000160293
0.000160324
0.000160292
0.000160325
0.000160324
0.000160325
0.000160292
0.000160324
0.000160389
0.000160324
0.000160293
0.000160292
0.000160388
0.000160325
0.000160356
0.000160292
0.000160389
0.000160356
0.000160293
0.000160356
0.000160324
0.000164421
0.000160356
0.000160357
0.000160292
0.000160292
0.000160357
0.000160356
0.000160293
0.000160324
0.000160388
0.000160325
0.000160324
0.000160357
0.000160356
0.000160324
0.000160357
0.000160388
0.000160389
0.000160324
0.000160292
0.000160389
0.000160292
0.000160324
0.000160325
0.000160388
0.000164549
0.000160324
0.000160357
0.000160356
0.000160292
0.000160325
0.000160388
0.000160324
0.000160293
0.000160292
0.000160421
0.000160324
0.000160292
0.000160389
0.000160324
0.000160325
0.000160324
0.000160388
0.000160357
0.000160292
0.000160292
0.000160356
0.000160388
0.000160293
0.000164196
0.000160293
0.000160388
0.000168901
0.00016042
0.000160356
0.000160325
0.000160388
0.000160324
0.000160356
0.000160324
0.000160325
0.000160356
0.000160324
0.000160357
0.000160324
0.000160293
0.000160356
0.000160356
0.000160389
0.000160356
0.000160357
0.000160356
0.000160356
0.000160357
0.000164484
0.000160325
0.000160324
0.000160388
0.000160325
0.000160356
0.000160325
0.000160356
0.000160324
0.000160357
0.000160324
0.000160356
0.000160325
0.000160356
0.000160293
0.000160356
0.000160324
0.000160357
0.000160356
0.000160389
0.000160324
0.000160292
0.000167269
0.000160356
0.000160357
0.000165188
0.000160389
0.000160324
0.000160356
0.000160389
0.000160388
0.000160357
0.000160356
0.000160292
0.000160325
0.000160356
0.000160357
0.000160324
0.000160356
0.000160357
0.000160324
0.000160356
0.000160325
0.00016042
0.000160325
0.000160292
0.000160388
0.000160389
0.000160388
0.000160389
0.00016602
0.000160356
0.000160357
0.000160356
0.000160389
0.000160324
0.000160324
0.000160357
0.00016042
0.000160357
0.000160388
0.000160356
0.000160357
0.000160388
0.000160357
0.000160356
0.00016042
0.000160389
0.00016042
0.000160356
0.000167557
0.000160388
0.000160325
0.000160388
0.000160389
0.000166276
0.000160357
0.000160324
0.00016042
0.000160325
0.000160388
0.000160389
0.000160356
0.000160356
0.000160389
0.000160324
0.00016042
0.000160389
0.000160388
0.000160357
0.000160356
0.000167333
0.000160356
0.000160356
0.000160325
0.000160324
0.000160325
0.000160356
0.000160356
0.000160357
0.000166532
0.000160357
0.000160324
0.000160356
0.000160325
0.000160356
0.000160357
0.000160388
0.000160324
0.000160293
0.000160356
0.000160389
0.000160356
0.000160324
0.000160325
0.000160356
0.000160356
0.000160357
0.000160324
0.000160389
0.000160356
0.000160356
0.000160357
0.000160356
0.000167461
0.000160356
0.000160325
0.000160356
0.000160324
0.000160357
0.000160356
0.000160356
0.000160325
0.000160324
0.000160325
0.000160356
0.000160356
0.000160357
0.000160388
0.000160357
0.000160388
0.000160356
0.000160357
0.000160356
0.000160357
0.000160356
0.000160356
0.000160325
0.000160324
0.000166725
0.000160292
0.000160324
0.000160357
0.000160356
0.000160357
0.000160324
0.000160324
0.000160325
0.000160356
0.000160325
0.000160324
0.000160324
0.000160325
0.000160356
0.000160356
0.000160357
0.000160356
0.000160389
0.000160356
0.000160356
0.000160325
0.000160324
0.000160325
0.000160324
0.000165989
0.000160388
0.000160356
0.000160293
0.000160356
0.000160324
0.000160357
0.000160356
0.000160325
0.000160356
0.000160356
0.000160357
0.000160324
0.000160357
0.000160388
0.000160356
0.000160357
0.000160324
0.000160292
0.000160356
0.000160356
0.000160389
0.000160356
0.000160356
0.000160389
0.000165508
0.000160357
0.000160356
0.000160325
0.000160388
0.000160324
0.000160357
0.000160388
0.000160324
0.000160357
0.000160388
0.000160293
0.000160356
0.000160292
0.000160357
0.000160324
0.000160357
0.000160388
0.000160356
0.000160357
0.000160356
0.000160325
0.000160388
0.000160356
0.000160325
0.0001649
0.000160357
0.000160388
0.000160324
0.000160389
0.000160324
0.000160325
0.000160388
0.000160388
0.000160389
0.000160388
0.00016042
0.000160357
0.000160324
0.000160357
0.000160356
0.000160356
0.000160357
0.00016042
0.000160357
0.000160388
0.00016042
0.000160389
0.000160324
0.000160389
0.000166468
0.000160324
0.000160357
0.000160388
0.000160357
0.000160324
0.000162693
0.00016042
0.000160421
0.000160324
0.000160324
0.000160389
0.000160324
0.000160357
0.000160388
0.000160356
0.000160325
0.000160356
0.000160389
0.000160356
0.000160388
0.000160389
0.000160356
0.00016042
0.000174245
0.000160325
0.000160356
0.000160389
0.000160356
0.000160292
0.000160357
0.000160356
0.000160357
0.000160356
0.000160356
0.000160357
0.000160356
0.000160357
0.000160356
0.000160324
0.000160325
0.000160324
0.000160325
0.000160324
0.000160324
0.000160357
0.000160324
0.000160356
0.000160293
0.000166916
0.000160389
0.000160324
0.000160357
0.000160356
0.000160356
0.000160293
0.000160324
0.000160325
0.000160356
0.000160324
0.000160357
0.000160324
0.000160324
0.000160357
0.000160356
0.000160325
0.000160324
0.000160324
0.000160389
0.000160388
0.000160357
0.000160292
0.000160292
0.000165029
0.000160356
0.000160325
0.000160388
0.000160324
0.000160357
0.000160356
0.000160325
0.000160388
0.000160388
0.000160357
0.000160324
0.000160293
0.000160324
0.00016042
0.000160357
0.000160356
0.000160356
0.000160421
0.000160388
0.000160325
0.000160356
0.000160388
0.000160421
0.000160356
0.000166853
0.000160388
0.000160357
0.000160356
0.000160324
0.000160389
0.000160356
0.000160356
0.000160389
0.000160324
0.000160357
0.000160292
0.000160388
0.000160325
0.000160388
0.000160325
0.000160388
0.000160356
0.000160357
0.000160356
0.000160325
0.000160356
0.000160324
0.000160325
0.000160356
0.000164869
0.000160388
0.000160292
0.000160325
0.000160388
0.000160325
0.000160356
0.000160324
0.000160325
0.000160324
0.000160388
0.000160389
0.000160356
0.000160325
0.000160356
0.000160388
0.000160357
0.000160324
0.000160357
0.000160356
0.000160292
0.000160325
0.000160356
0.000160421
0.000160388
0.000166372
0.000160357
0.000160356
0.000160325
0.000160292
0.000160356
0.000160357
0.000160324
0.000160325
0.00016042
0.000160324
0.000160325
0.000160324
0.000160357
0.000160324
0.000160324
0.000160325
0.000160388
0.000160388
0.000160325
0.000160324
0.000160357
0.000160356
0.000160292
0.000160357
0.00016522
0.000160357
0.000160292
0.000160324
0.000160357
0.000160324
0.000160325
0.000160292
0.000160388
0.000160325
0.000160324
0.000160357
0.000160292
0.000160356
0.000160325
0.000160388
0.000160325
0.000160292
0.000295464
0.00016042
0.000160357
0.000160388
0.000160325
0.000160356
0.000167268
0.000160356
0.000160388
0.000160357
0.000160292
0.000160324
0.000160357
0.00016042
0.000160325
0.000160324
0.000160356
0.000160389
0.000160292
0.000160357
0.000160356
0.000160356
0.000160357
0.000160324
0.000160388
0.000160388
0.000160356
0.000160357
0.000160356
0.000160356
0.000160325
0.000164644
0.000160421
0.000160356
0.000160324
0.000160324
0.000160356
0.000160325
0.000160356
0.000160324
0.000160325
0.000160356
0.000160421
0.000160356
0.000160356
0.000160421
0.000160324
0.000160357
0.00016042
0.000160356
0.000160325
0.000160292
0.000160356
0.000160357
0.000160388
0.000160325
0.000165188
0.000160325
0.000168932
0.000160389
0.000166436
0.000165829
0.000160324
0.000160324
0.000160357
0.000160356
0.000160389
0.000160324
0.000160292
0.000160325
0.000160356
0.000160325
0.000160292
0.000160324
0.000160357
0.000160292
0.000160292
0.000160357
0.000160324
0.000160325
0.00016474
0.000160293
0.000160388
0.000160324
0.000160357
0.000160324
0.000160388
0.000160325
0.000160324
0.000160389
0.000160324
0.000160292
0.000160293
0.000160388
0.000160357
0.000160324
0.000160324
0.000160357
0.000160324
0.000160325
0.000160324
0.000160356
0.000160293
0.000160324
0.000160324
0.000165253
0.000160324
0.000160389
0.000160324
0.000160325
0.000160356
0.000160324
0.000160325
0.000160356
0.000160388
0.000160357
0.000160356
0.000160325
0.000160356
0.000160324
0.000160325
0.000160324
0.000160325
0.000160324
0.000160324
0.000160389
0.000160324
0.000160325
0.000160292
0.000160356
0.000165221
0.000160356
0.000160325
0.000160292
0.000160356
0.000160325
0.000160324
0.000160389
0.000160356
0.000160292
0.000160325
0.000160388
0.000160292
0.000160325
0.000160324
0.000160357
0.000160356
0.000160324
0.000160357
0.000160324
0.000160357
0.000160356
0.000160324
0.000160357
0.000160324
0.000170373
0.000160388
0.000160357
0.000160292
0.000160356
0.000160357
0.000160324
0.000160421
0.000160356
0.000160292
0.000160325
0.000160292
0.000160356
0.000160357
0.000160356
0.000160357
0.000160356
0.000160292
0.000160357
0.000160356
0.000160389
0.000160388
0.000160292
0.000160421
0.000160356
0.000167045
0.000160356
0.000160356
0.000160389
0.000160324
0.000160357
0.000160324
0.000160324
0.000160325
0.000160324
0.000160325
0.000160324
0.000160388
0.000160357
0.000160356
0.000160389
0.000160356
0.000160356
0.000160389
0.000160356
0.000160324
0.000160357
0.000160356
0.000160357
0.000160324
0.000165893
0.000160324
0.000160324
0.000160357
0.000160324
0.000160324
0.000160356
0.000160356
0.000160357
0.000160356
0.000160356
0.000160389
0.000160388
0.000160421
0.00016042
0.000160324
0.000160357
0.000160388
0.000160357
0.000160324
0.000160324
0.000160421
0.000160356
0.000160356
0.000165604
0.000160388
0.000160357
0.000160356
0.000160325
0.000160356
0.00016042
0.000160325
0.000160356
0.000160325
0.000160356
0.000160356
0.000160325
0.000160388
0.000160388
0.000160389
0.000160356
0.000160357
0.000160324
0.000160324
0.000160357
0.000160388
0.000160325
0.000160388
0.000160356
0.000165605
0.000160324
0.000160325
0.000160324
0.000160324
0.000160325
0.000160356
0.000160325
0.000160324
0.000160388
0.000160357
0.000160356
0.000160357
0.000160324
0.000160356
0.000160357
0.000160356
0.000160356
0.000160357
0.000160356
0.000160389
0.000160356
0.000160324
0.000160357
0.000160292
0.000167781
0.000160356
0.000160357
0.000160292
0.000160356
0.000160357
0.000160356
0.000160389
0.00016026
0.000160356
0.000160357
0.000160356
0.000160292
0.000160357
0.000160388
0.000160357
0.000160356
0.000160356
0.000160325
0.000160324
0.000160389
0.000160356
0.000160292
0.000160357
0.000160356
0.000165541
0.000160324
0.000160324
0.000160325
0.000160324
0.000160389
0.000160356
0.000160388
0.000160357
0.000160356
0.000160293
0.000160356
0.000160356
0.000160325
0.000160324
0.000160356
0.000160389
0.000160388
0.000160293
0.000160324
0.000160356
0.000160325
0.000160324
0.000160325
0.000160324
0.000164676
0.000160357
0.000160356
0.000160325
0.000160356
0.000160324
0.000160325
0.000160356
0.000160389
0.000160356
0.000160356
0.000160325
0.000160356
0.000160325
0.000160388
0.000160356
0.000160389
0.000160324
0.000160324
0.000160356
0.000160357
0.000160324
0.000160356
0.000160357
0.000160388
0.000202726
0.000160356
0.000160325
0.000160356
0.000160388
0.000160325
0.000160356
0.000160324
0.000160389
0.000160356
0.000160325
0.000160356
0.000160356
0.000160325
0.000160356
0.000160325
0.000160388
0.000160324
0.000160357
0.000160388
0.000160325
0.000160388
0.000160292
0.000160389
0.000169604
0.000160389
0.000160292
0.000160356
0.000160357
0.000160324
0.000160357
0.000160292
0.000160388
0.000160357
0.000160356
0.000160325
0.000160324
0.000160292
0.000160325
0.00016042
0.000160261
0.000160356
0.000160356
0.000160293
0.000160324
0.000160356
0.000160293
0.000160388
0.000160357
0.000166404
0.000160325
0.000160292
0.000160356
0.000160325
0.000160324
0.000160389
0.000160324
0.000160356
0.000160357
0.000160324
0.000160324
0.000160325
0.000160324
0.000160357
0.000160324
0.000160292
0.000160357
0.000160388
0.000160325
0.000160324
0.000160292
0.000160357
0.000160356
0.000160292
0.000165796
0.000160324
0.000160293
0.000160324
0.000160357
0.000160292
0.000160292
0.000160357
0.000160324
0.000160293
0.000160388
0.000160292
0.000160357
0.000160324
0.000160356
0.000160293
0.000160292
0.000160357
0.00016042
0.000160292
0.000160261
0.000160804
0.000160389
0.000160324
0.000160324
0.000165573
0.000160324
0.000160549
0.000160388
0.000160356
0.000160325
0.000160324
0.000160293
0.000160356
0.000160356
0.000160357
0.000160356
0.000160389
0.000160388
0.000160324
0.000160293
0.000160388
0.000160356
0.000160325
0.000160292
0.000160421
0.000160292
0.000160356
0.000160357
0.000160356
0.000164965
0.000160324
0.000160356
0.000160324
0.00016026
0.000160325
0.000160356
0.000160324
0.000160357
0.000160356
0.000160389
0.000160324
0.000160292
0.000160389
0.000160292
0.000160325
0.000160356
0.000160324
0.000160325
0.000160324
0.00016042
0.000162116
0.000160325
0.000160292
0.000167781
0.000160388
0.000160357
0.000160324
0.000160324
0.000160389
0.000160324
0.000160325
0.000160356
0.000160356
0.000160357
0.000160324
0.000160324
0.000160389
0.000160324
0.000160293
0.000160324
0.000160356
0.000160325
0.000160324
0.000160389
0.000160388
0.000160324
0.000160325
0.000160388
0.000168485
0.000160356
0.000160324
0.000160292
0.000160356
0.000160389
0.000160324
0.000160324
0.000160357
0.000160356
0.000160325
0.000160388
0.000160324
0.000160293
0.000160324
0.000160357
0.000160324
0.000160324
0.000160357
0.000160324
0.000160292
0.000160357
0.000160388
0.000160325
0.00016602
0.000160325
0.000160324
0.000160356
0.000160325
0.000160324
0.000160389
0.000160356
0.000160324
0.000160357
0.000160356
0.000160356
0.000160325
0.000160324
0.000160357
0.000160292
0.000160324
0.000160389
0.000160356
0.000160325
0.000160356
0.000160356
0.000160389
0.000160324
0.000160293
0.000165284
0.000160356
0.000160421
0.000160356
0.000160325
0.000160292
0.000160356
0.000160389
0.000160324
0.000160325
0.000160388
0.000160324
0.000160325
0.000160356
0.000160388
0.000160357
0.000160356
0.000160389
0.000160356
0.000160292
0.000160325
0.000160388
0.000160357
0.000160324
0.000160292
0.000167845
0.000160324
0.000160325
0.000160324
0.000160388
0.000160356
0.000160356
0.000160357
0.000160388
0.000160356
0.000160293
0.000160324
0.000160389
0.000160324
0.000160324
0.000160389
0.000160292
0.000160293
0.000160388
0.000160324
0.000160325
0.000160388
0.000160324
0.000160325
0.000160292
0.000164421
0.000160356
0.000160293
0.000160356
0.000160324
0.000160357
0.000160356
0.000160356
0.000300841
0.00016042
0.000160325
0.000160356
0.000160324
0.000160389
0.000160388
0.000160324
0.000160293
0.000160356
0.000160357
0.000160292
0.00016026
0.000160357
0.000160356
0.000160293
0.000167204
0.000160325
0.000160356
0.000160324
0.000160325
0.000160324
0.000160356
0.000160357
0.000160324
0.000160325
0.000160356
0.000160324
0.000160325
0.000160292
0.000160357
0.000160324
0.000160324
0.000160325
0.000160388
0.000160356
0.000160356
0.000160292
0.000160357
0.000160356
0.000160324
0.000165317
0.000160324
0.000160293
0.000160292
0.000160389
0.000160356
0.000160324
0.000160325
0.000160356
0.000160356
0.000160293
0.000160324
0.000160357
0.000160356
0.000160292
0.000160293
0.000160388
0.000160357
0.000160324
0.000160324
0.000160357
0.000160324
0.000160324
0.000160324
0.000160388
0.000164325
0.000160324
0.000160325
0.000160324
0.000160388
0.000160357
0.000160356
0.000160324
0.000160357
0.000160324
0.000160325
0.000160324
0.000160388
0.000160325
0.000160324
0.000160325
0.000160388
0.000160388
0.000160357
0.000160324
0.000160357
0.000160292
0.000160324
0.000160325
0.000160388
0.000164645
0.000160324
0.000160356
0.000160325
0.000160356
0.000160325
0.000160356
0.00016042
0.000160325
0.000160388
0.000160356
0.000160325
0.000160388
0.000160325
0.000160324
0.000160324
0.000160357
0.000160356
0.000160325
0.000160292
0.000160388
0.000160357
0.000160324
0.000160325
0.000164996
0.000160356
0.000160389
0.000160292
0.000160325
0.000160292
0.000160388
0.000160389
0.000160356
0.000160325
0.000160292
0.000160356
0.000160325
0.000160356
0.000160324
0.000160261
0.000160356
0.000160293
0.000160388
0.000160388
0.000160293
0.000160356
0.000160293
0.000160356
0.000160324
0.000164101
0.000160388
0.000160389
0.000160324
0.000160324
0.000160293
0.000160388
0.000160325
0.000160356
0.000160356
0.000160325
0.000160388
0.000160292
0.000160356
0.000160324
0.000160357
0.000160388
0.000160324
0.000160389
0.000160324
0.000160357
0.000160324
0.000160324
0.000160357
0.000160324
0.000164517
0.000160292
0.000160324
0.000160325
0.000160388
0.000160357
0.000160292
0.000160324
0.000160325
0.000160356
0.000160325
0.000160356
0.000160356
0.000160357
0.000160356
0.000160292
0.000160357
0.000160324
0.000160325
0.000160356
0.000160388
0.000160357
0.000160356
0.000160325
0.00016042
0.00016474
0.000160357
0.000160356
0.000160389
0.000160324
0.000160324
0.000160389
0.000160292
0.000160421
0.000160292
0.000160356
0.000160357
0.00016042
0.000160357
0.000160356
0.000160356
0.000160389
0.000160356
0.000160324
0.000160325
0.000160388
0.000160325
0.000160388
0.000160324
0.000160357
0.000166052
0.000160421
0.000160388
0.000160357
0.000160388
0.000160356
0.000160357
0.000160324
0.000160356
0.000160357
0.000160356
0.00016042
0.000160356
0.000160357
0.000160388
0.000160356
0.000160389
0.000160356
0.000160357
0.000160388
0.000160388
0.000160389
0.000160356
0.000160325
0.000160324
0.000166565
0.000160356
0.00016042
0.000160325
0.000160356
0.000160292
0.000160357
0.000160356
0.000160325
0.000160356
0.000160388
0.000160325
0.000160388
0.000160357
0.000160388
0.000160388
0.000160357
0.000160388
0.000160389
0.000160356
0.000160388
0.000160389
0.000160356
0.00016042
0.000165893
0.000160388
0.000160453
0.000160356
0.000160325
0.000160324
0.000160356
0.000160389
0.000160388
0.000160388
0.000160324
0.000160388
0.000160389
0.000160388
0.000160356
0.000160389
0.000160324
0.000160389
0.000160388
0.000160388
0.000160389
0.000160356
0.000160357
0.000160356
0.000160388
0.000165349
0.000160324
0.000160325
0.000160388
0.000160356
0.000160389
0.000160356
0.000160325
0.000160356
0.000160324
0.000160357
0.000160292
0.000160357
0.000160388
0.000160356
0.000160389
0.000160356
0.000160356
0.000160357
0.000160388
0.000160389
0.000160356
0.000160388
0.000160357
0.000160356
0.000204742
0.00016042
0.000160325
0.000160388
0.000160388
0.000160389
0.000160388
0.000160389
0.000160324
0.000160388
0.000160389
0.000160356
0.000160292
0.000160357
0.000160388
0.000160325
0.000160324
0.000160324
0.000160389
0.000160356
0.000160357
0.000160388
0.000160324
0.000160357
0.000160324
0.000167045
0.000160388
0.000160356
0.000160325
0.000160356
0.000160389
0.000160324
0.00016042
0.000160357
0.000160324
0.000160325
0.000160324
0.000160356
0.000160325
0.000160388
0.000160357
0.000160388
0.000160356
0.000160357
0.000160356
0.000160356
0.000160357
0.000160292
0.000160357
0.000160356
0.000164837
0.000160356
0.000160388
0.000160357
0.000160356
0.000160324
0.000160325
0.000160324
0.000160357
0.000160324
0.000160324
0.000160357
0.000160356
0.000160357
0.000160388
0.000160356
0.000160389
0.000160388
0.000160357
0.000160356
0.000160324
0.000160357
0.000160324
0.000160356
0.000160325
0.000165156
0.000160325
0.000160356
0.000160325
0.000160356
0.000160388
0.000160325
0.000160388
0.000160356
0.000160325
0.000160388
0.000160357
0.000160356
0.000160324
0.000160325
0.000160356
0.000160357
0.000160324
0.000160356
0.000160325
0.000160356
0.000160293
0.000160388
0.000160292
0.000165925
0.00016042
0.000160325
0.000160388
0.000160356
0.000160325
0.000160356
0.000160357
0.000160324
0.000160356
0.000160389
0.000160324
0.000160357
0.000160292
0.000160356
0.000160357
0.000160324
0.000160324
0.000160389
0.000160356
0.000160357
0.000160388
0.000160324
0.000160325
0.000160388
0.000166341
0.000160324
0.000160324
0.000160388
0.000160324
0.000160293
0.000160292
0.000160388
0.000160389
0.000160324
0.000160293
0.000160324
0.000160388
0.000160357
0.000160356
0.000160357
0.000160388
0.000160356
0.000160293
0.000160324
0.000160388
0.000160325
0.000160324
0.000160325
0.000160388
0.000165413
0.000160356
0.000160324
0.000160325
0.000160388
0.000160324
0.000160293
0.000160324
0.000160357
0.000160356
0.000160292
0.000160293
0.000160324
0.000160357
0.000160324
0.000160292
0.000160325
0.000160388
0.000160325
0.000160292
0.000160292
0.000160325
0.000160388
0.000160324
0.000160325
0.0001649
0.000160357
0.000160324
0.000160293
0.000160324
0.000160388
0.000160325
0.000160324
0.000160292
0.000160325
0.000160356
0.000160325
0.000160292
0.000160388
0.000160357
0.000160324
0.000160357
0.000160356
0.000160324
0.000160325
0.000160388
0.000160325
0.000160292
0.000160292
0.000160325
0.00016538
0.000160325
0.000160324
0.000160388
0.000160357
0.000160324
0.000160357
0.000160324
0.000160356
0.000160293
0.000160324
0.000160388
0.000160293
0.000160324
0.000160325
0.000160356
0.000160324
0.000160325
0.000160356
0.000160357
0.000160356
0.000160324
0.000160389
0.000160324
0.000160357
0.000165348
0.000160388
0.000160293
0.000160324
0.000160325
0.000160356
0.000160356
0.000160293
0.000160324
0.000160421
0.000160388
0.000162501
0.000160356
0.000160357
0.000160356
0.000160356
0.000160325
0.000160356
0.000160293
0.000160324
0.000160324
0.000160389
0.000160292
0.000160388
0.000169924
0.000160357
0.000160388
0.000160356
0.000160357
0.000160388
0.000160356
0.000160389
0.000160324
0.000160389
0.000160324
0.000160388
0.000160357
0.000160356
0.000160421
0.000160356
0.000160388
0.000160293
0.000160356
0.000160357
0.000160388
0.000160356
0.000160325
0.000160388
0.00016026
0.000166245
0.000160292
0.000160389
0.000160356
0.000160325
0.000160388
0.000160324
0.000160357
0.000160324
0.000160325
0.000160292
0.000160356
0.000160293
0.000160388
0.000160324
0.000160421
0.000160356
0.000160325
0.000160356
0.000160324
0.000160389
0.000160324
0.000160389
0.000160356
0.000165284
0.000160357
0.000160324
0.000160389
0.000160324
0.000160356
0.000160293
0.000160356
0.000160357
0.000160292
0.000160356
0.000160357
0.000160388
0.000160293
0.000160356
0.000160292
0.000160357
0.000160324
0.000160388
0.000160389
0.000160324
0.000160357
0.000160324
0.000295464
0.000165733
0.000160356
0.000160356
0.000160389
0.000160324
0.000160389
0.000160324
0.000160356
0.000160293
0.000160388
0.000160293
0.000160388
0.000160356
0.000160357
0.000160356
0.000160388
0.000160293
0.000160356
0.000160325
0.000160356
0.000160324
0.000160357
0.000160324
0.000160389
0.000160324
0.000165861
0.000160356
0.000160388
0.000160293
0.000160356
0.000160292
0.000160357
0.000160356
0.000160357
0.000160356
0.000160324
0.000160389
0.000160356
0.000160421
0.000160356
0.000160388
0.000160325
0.000160388
0.000160325
0.000160388
0.000160324
0.000160389
0.000160356
0.000160388
0.000160293
0.000164612
0.000160357
0.000160324
0.000160357
0.000160292
0.000160356
0.000160325
0.000160356
0.000160324
0.000160389
0.000160356
0.000160357
0.000160356
0.000160292
0.000160325
0.000160356
0.000160293
0.000160388
0.000160324
0.000160389
0.000160324
0.000160421
0.000160324
0.000160388
0.000160357
0.000164644
0.000160357
0.000160356
0.000160356
0.000160389
0.000160292
0.000160357
0.000160292
0.000160356
0.000160325
0.000160356
0.000160388
0.000160357
0.000160388
0.000160293
0.000160356
0.000160292
0.000160389
0.000160324
0.000160389
0.000160356
0.00016042
0.000160325
0.00016042
0.000160324
0.000167845
0.000160388
0.000160357
0.000160356
0.000160357
0.000160388
0.000160357
0.000160388
0.000160324
0.000160357
0.00016058
0.000160357
0.000160292
0.000160388
0.000160389
0.000160356
0.000160357
0.000160324
0.000160324
0.000160357
0.000160388
0.000160356
0.000160357
0.000160292
0.000160357
0.00016538
0.000160325
0.000160324
0.000160388
0.000160357
0.000160356
0.000160388
0.000160324
0.000160388
0.000160325
0.000160324
0.000160324
0.000160389
0.000160324
0.000160389
0.000160356
0.000160356
0.000160325
0.000160356
0.000160325
0.000160388
0.000160356
0.000160389
0.000160292
0.000160356
0.000164517
0.000160388
0.000160357
0.000160388
0.000160357
0.000160388
0.000160356
0.000160357
0.000160324
0.000160388
0.000160325
0.000160356
0.000160357
0.000160388
0.000160356
0.000160325
0.000160388
0.000160357
0.000160324
0.000160324
0.000160325
0.000160356
0.000160325
0.000160388
0.000167333
0.000160356
0.000160324
0.000160421
0.000160388
0.000160356
0.000160357
0.000160356
0.000160389
0.000160356
0.00016042
0.000160357
0.00016042
0.000160325
0.000160356
0.000160324
0.000160357
0.000160292
0.000160389
0.000160324
0.000160356
0.000160293
0.000160356
0.000160324
0.000160357
0.000164708
0.000160389
0.000160356
0.000160389
0.000160356
0.000160388
0.000160389
0.000160356
0.000160388
0.000160357
0.000160388
0.000160389
0.00016042
0.000160324
0.000160357
0.000160356
0.000160357
0.000160324
0.000160388
0.000160293
0.000160388
0.000160293
0.000160388
0.000160324
0.000160421
0.000164772
0.000160389
0.000160356
0.000160388
0.000160357
0.00016042
0.000160357
0.00016042
0.000160324
0.000160389
0.000160388
0.000160388
0.000160357
0.000160292
0.000160357
0.000160388
0.000160356
0.000160389
0.000160388
0.000160357
0.000160388
0.000160356
0.000160389
0.000160388
0.000160421
0.000163972
0.000176741
0.000160452
0.000160453
0.000160388
0.000160388
0.000160517
0.000160452
0.000160421
0.000160452
0.000160388
0.000160421
0.000160452
0.000160357
0.000160388
0.000160516
0.000160549
0.000160548
0.00016042
0.000160389
0.000160388
0.000160453
0.00016058
0.000160388
0.000160453
0.000166212
0.000160421
0.00016042
0.000160485
0.000160868
0.00016042
0.000160421
0.000169668
0.000160421
0.000160388
0.000160389
0.00016042
0.000160388
0.000160389
0.00016042
0.000160388
0.000160388
0.000160388
0.000160421
0.000160388
0.000160388
0.000160421
0.00016042
0.000160421
0.000160452
0.000170181
0.000160452
0.000160356
0.000160389
0.00016042
0.000160357
0.000160388
0.00016042
0.000160357
0.00016042
0.000160421
0.000160356
0.000160356
0.000160357
0.000160452
0.000160389
0.000160516
0.00016042
0.000160357
0.000160388
0.000160356
0.000160325
0.00016762
0.000160421
0.000166436
0.000160389
0.00016042
0.000160389
0.000160388
0.000160388
0.000160357
0.000160356
0.000160356
0.000160388
0.000160356
0.000160357
0.000160324
0.000160324
0.000160357
0.000160388
0.000160389
0.000160452
0.000160388
0.000160325
0.000160388
0.000160357
0.000160356
0.000160356
0.000160421
0.000165732
0.000160325
0.000160356
0.000160356
0.000167173
0.000160388
0.000160325
0.000160388
0.000160389
0.000160388
0.000160356
0.000160357
0.000160388
0.000160388
0.000160324
0.000160356
0.000160325
0.000160388
0.000160356
0.000160293
0.000160356
0.000160325
0.000160324
0.000160324
0.000160325
0.000165188
0.000160325
0.000160356
0.000160388
0.000160357
0.000160388
0.000160325
0.000160324
0.000160356
0.000160357
0.000160356
0.000160357
0.000160356
0.000160292
0.000160357
0.000160324
0.000160356
0.000160356
0.000160356
0.000160357
0.000160356
0.000160356
0.000160357
0.000160292
0.000160325
0.00016538
0.000160421
0.000160356
0.000160388
0.000160325
0.00016042
0.000160356
0.000160325
0.000160324
0.000160389
0.000160388
0.000160388
0.000160357
0.000160356
0.000160357
0.000160356
0.000160356
0.000160325
0.000160324
0.000160357
0.000160356
0.000160324
0.000160325
0.000160324
0.000160356
0.000165445
0.000160388
0.000160357
0.000160356
0.000160389
0.000160324
0.000160388
0.000160325
0.000160324
0.000160324
0.000160357
0.000160324
0.000160357
0.000160356
0.000160356
0.000160357
0.000160388
0.000160421
0.000160324
0.000160356
0.000160325
0.000160388
0.000160389
0.000160324
0.000160388
0.000166021
0.000160388
0.000160357
0.000160324
0.000160324
0.000160357
0.000160388
0.000160357
0.000160292
0.000160388
0.000160357
0.000160388
0.000160421
0.00016042
0.000160356
0.000160421
0.000160356
0.00016042
0.000160357
0.000160388
0.000160357
0.000160356
0.000160356
0.000160421
0.000165412
0.000160389
0.000160324
0.000160356
0.000160357
0.000160356
0.000160421
0.000160356
0.00016042
0.000160389
0.000160292
0.000160325
0.000160356
0.000160324
0.000160325
0.000160388
0.000160293
0.000160388
0.000160356
0.000160357
0.00016042
0.000160324
0.000160389
0.000160356
0.000160293
0.000165476
0.000160357
0.000160388
0.000160388
0.000160357
0.000160388
0.000160356
0.000160388
0.000160388
0.000160293
0.000160388
0.000160292
0.000160357
0.000160324
0.000160389
0.000160356
0.000160324
0.000160357
0.000160324
0.000160325
0.000160324
0.000160324
0.000160325
0.000160356
0.000160388
0.000164933
0.000160356
0.000160325
0.000160356
0.000160325
0.000160356
0.000160356
0.000160357
0.000160388
0.000160388
0.000160356
0.000160388
0.000160293
0.000160324
0.000160356
0.000160357
0.000160324
0.000160357
0.000160356
0.000160388
0.000160389
0.000160356
0.000160325
0.000160356
0.000160356
0.000165509
0.000160388
0.000160357
0.00016026
0.000160324
0.000160357
0.000160356
0.000160357
0.000160356
0.000160356
0.000160325
0.000160324
0.000160325
0.000160356
0.000160356
0.000160293
0.000160324
0.000160388
0.000160357
0.000160292
0.000160325
0.000160324
0.000160324
0.000160357
0.000160356
0.000166597
0.000160388
0.000160357
0.000160388
0.000160356
0.000160325
0.000160324
0.000160356
0.000160357
0.000160356
0.000160357
0.000160356
0.000160356
0.000160325
0.000160356
0.000160357
0.000160388
0.000160388
0.000160325
0.000160388
0.000160356
0.000160324
0.000160324
0.000160357
0.000160356
0.000164549
0.000160356
0.000163108
0.000160356
0.000160357
0.000160324
0.000160325
0.000160324
0.000160324
0.000160357
0.000160324
0.000160388
0.000160357
0.000160324
0.000160357
0.000160324
0.000160324
0.000160389
0.000160325
0.000160356
0.000160356
0.000160357
0.000160356
0.000160356
0.000168997
0.000160356
0.000160389
0.000160356
0.000160357
0.000160356
0.000160388
0.000160325
0.000160324
0.000160325
0.000160356
0.000160356
0.000160357
0.00030868
0.000160325
0.000160356
0.000160356
0.000160389
0.000160356
0.000160389
0.000160356
0.000160292
0.000160357
0.000160324
0.000167141
0.000160324
0.000160324
0.000160325
0.000160324
0.000160357
0.000160292
0.000160324
0.000160389
0.000160324
0.000160357
0.000160324
0.000160324
0.000160325
0.000160324
0.000160356
0.000160357
0.000160356
0.000160325
0.000160356
0.000160388
0.000160325
0.000160356
0.000160293
0.000164964
0.000160356
0.000160357
0.000160324
0.000160325
0.000160292
0.000160356
0.000160389
0.000160356
0.000160389
0.000160388
0.000160388
0.000160389
0.000160356
0.000160325
0.000160324
0.000160356
0.000160325
0.000160356
0.000160356
0.000160357
0.000160356
0.000160357
0.000160356
0.000160388
0.000164421
0.000160324
0.000160357
0.000160356
0.000160356
0.000160357
0.000160388
0.000160357
0.000160292
0.000160324
0.000160357
0.000160324
0.000160357
0.000160324
0.000160356
0.000160357
0.000160356
0.000160357
0.000160324
0.000160324
0.000160357
0.000160324
0.000160324
0.000160325
0.000160324
0.000163941
0.000160356
0.000160324
0.000160292
0.000160324
0.000160357
0.000160356
0.000160388
0.000160389
0.000160388
0.000160325
0.000160324
0.000160356
0.000160357
0.000160356
0.000160357
0.000160324
0.000160324
0.000160325
0.000160324
0.000160324
0.000160325
0.000160324
0.000160357
0.000160324
0.000164645
0.000160292
0.000160324
0.000160325
0.000160356
0.000160356
0.000160357
0.000160324
0.000160325
0.000160292
0.000160356
0.000160325
0.000160324
0.000160325
0.000160292
0.000160324
0.000160325
0.000160324
0.000160357
0.000160388
0.000160292
0.000160325
0.000160324
0.000160324
0.000160357
0.000164932
0.000160325
0.000160324
0.000160325
0.000160356
0.000160388
0.000160357
0.000160324
0.000160324
0.000160325
0.000160356
0.000160357
0.000160292
0.000160324
0.000160325
0.000160324
0.000160357
0.000160356
0.000160356
0.000160325
0.000160356
0.000160389
0.000160356
0.000160324
0.000160293
0.000164356
0.000160325
0.000160356
0.000160356
0.000160357
0.000160324
0.000160325
0.000160356
0.000160356
0.000160357
0.000160388
0.000160356
0.000160357
0.000160324
0.000160357
0.000160356
0.000160356
0.000160389
0.000160356
0.000160357
0.000160324
0.000160324
0.000160357
0.000160356
0.000160324
0.000164292
0.000160324
0.000160389
0.000160356
0.000160357
0.000160388
0.000160388
0.000160389
0.000160356
0.000160356
0.000160357
0.000160324
0.000160357
0.000160356
0.000160356
0.000160325
0.000160324
0.000160357
0.000160324
0.000160356
0.000160325
0.000160292
0.000160325
0.000160356
0.00016602
0.000160325
0.000160324
0.000160357
0.000160324
0.000160388
0.000160293
0.000160324
0.000160357
0.000160324
0.000160356
0.000160357
0.000160292
0.000160325
0.000160324
0.000160388
0.000160325
0.000160324
0.000160324
0.000160325
0.000160388
0.000160357
0.000160356
0.000160356
0.000160325
0.000168004
0.000160357
0.000160356
0.000160325
0.000160324
0.000160356
0.000160325
0.000160324
0.000160324
0.000160357
0.000160356
0.000160357
0.000160324
0.000160356
0.000160325
0.000160292
0.000160357
0.000160356
0.000160356
0.000160325
0.000160324
0.000160325
0.000160324
0.000160324
0.000160357
0.0001649
0.000160357
0.000160324
0.000160356
0.000160325
0.000160356
0.000160357
0.000160356
0.000160356
0.000160357
0.000160388
0.000160324
0.000160325
0.000160356
0.000160357
0.000160356
0.000160356
0.000160389
0.000160324
0.000160357
0.00016026
0.000160356
0.000160357
0.000160356
0.000160389
0.000165764
0.000160356
0.000160357
0.000160356
0.000160325
0.000160356
0.000160356
0.000160357
0.000160324
0.000160325
0.00016042
0.000160356
0.000160389
0.000160324
0.000160324
0.000160357
0.000160356
0.000160293
0.000160324
0.000160356
0.000160357
0.000160356
0.000160325
0.000160292
0.000160292
0.000164965
0.000160356
0.000160389
0.000160292
0.000160356
0.000160325
0.000160356
0.000160389
0.00016042
0.000160356
0.000160389
0.000160324
0.000160389
0.000160356
0.000160356
0.000160325
0.000160324
0.000160356
0.000160325
0.000160356
0.000160325
0.000160356
0.000160324
0.000160293
0.000160292
0.000165189
0.000160388
0.000160388
0.000160324
0.000160388
0.000160325
0.000160324
0.000160388
0.000160293
0.000160356
0.000160325
0.000160388
0.000160356
0.000160357
0.000160324
0.000160357
0.000160356
0.000160356
0.000160357
0.000160324
0.000160324
0.000160389
0.000160292
0.000160293
0.000160356
0.000166757
0.000160388
0.000160388
0.000160293
0.000160388
0.000160325
0.000160292
0.000160356
0.000160357
0.000160324
0.000160356
0.000160325
0.000160356
0.000160389
0.000160356
0.000160356
0.000160389
0.000160356
0.000160357
0.000160388
0.000160356
0.000160325
0.000160324
0.000160325
0.000160388
0.000160388
0.000160389
0.000160356
0.000160325
0.000160356
0.000160356
0.000160325
0.000160388
0.000160357
0.000160388
0.000160356
0.000160325
0.000160356
0.000160293
0.000160356
0.000160324
0.000160325
0.000160324
0.000160324
0.000160325
0.000160324
0.000160389
0.000160356
0.000160324
0.000165093
0.000160324
0.000160325
0.000160388
0.000160356
0.000160325
0.000160388
0.000160357
0.000160356
0.000160324
0.000160325
0.000160356
0.000160325
0.000160388
0.000160292
0.000160325
0.000160324
0.000160389
0.000160356
0.000160356
0.000160421
0.000160356
0.000160356
0.000160357
0.000160356
0.000166629
0.000160388
0.000160421
0.000160324
0.000160324
0.000160421
0.000160356
0.000160389
0.000160324
0.000160324
0.000160325
0.000160356
0.000160388
0.000160357
0.000160356
0.000160357
0.000160356
0.000160356
0.000160389
0.000160356
0.000160357
0.000160356
0.000160388
0.000160357
0.000160388
0.000166245
0.000160388
0.000160356
0.000160421
0.000160356
0.000160389
0.000160324
0.000160388
0.000160325
0.000160388
0.000160389
0.000160356
0.000160324
0.000160389
0.000160356
0.000160356
0.000160389
0.000160356
0.000160389
0.00016042
0.000160388
0.000160357
0.000160356
0.000160357
0.000160356
0.000166533
0.000160324
0.000160356
0.000160325
0.000160388
0.000160356
0.000160357
0.000160324
0.000160325
0.000160388
0.000160389
0.000160356
0.000160325
0.000160356
0.000160356
0.000160421
0.000160356
0.000160324
0.000160388
0.000160356
0.000160325
0.000160388
0.000160388
0.000160389
0.000160388
0.000166117
0.000160324
0.000160389
0.000160388
0.000160324
0.000160357
0.000160356
0.000160324
0.000160357
0.000160324
0.000160325
0.00016042
0.000160356
0.000160325
0.000160388
0.000160325
0.000160356
0.000160356
0.000160293
0.000160324
0.000160357
0.000160324
0.000160324
0.000160357
0.000160324
0.000165541
0.000160356
0.000160388
0.000160325
0.000160388
0.000160325
0.000160356
0.000160324
0.000160325
0.000160356
0.000160325
0.000160324
0.000160324
0.000160325
0.000160356
0.000160356
0.000160357
0.000160324
0.000160389
0.00016042
0.000160324
0.000160325
0.000160356
0.000160357
0.0001649
0.00016042
0.000160357
0.000160388
0.000160389
0.000160388
0.000160356
0.000160389
0.000160388
0.000160357
0.000160324
0.00016042
0.000160389
0.000160324
0.000160357
0.000160324
0.000160356
0.000160357
0.000160356
0.000160388
0.000160389
0.000160356
0.000160357
0.000160388
0.000160356
0.000167141
0.000160324
0.000160389
0.000160292
0.000160389
0.000160292
0.000160324
0.000160357
0.000160356
0.00016042
0.000160325
0.000160388
0.000160357
0.000160356
0.000160356
0.000160357
0.000160388
0.000160293
0.000160356
0.000160356
0.000160389
0.000160324
0.000160357
0.000160356
0.000160324
0.000503406
0.000160325
0.000160388
0.000160324
0.000160357
0.000160292
0.000160388
0.000160325
0.000160324
0.000160389
0.000160356
0.000160356
0.000160325
0.000160324
0.000160389
0.000160356
0.000160388
0.000160357
0.000160388
0.000160389
0.000160324
0.00016042
0.000160357
0.000172132
0.000160357
0.000160324
0.000307977
0.000160356
0.000176133
0.000160292
0.000160357
0.000160356
0.000160324
0.000160325
0.000160388
0.000160389
0.000160388
0.000160356
0.000160325
0.000160324
0.000160453
0.000160356
0.000161156
0.000160325
0.000160356
0.000160324
0.000168293
0.000160356
0.000160325
0.000160324
0.000168261
0.000160324
0.000160356
0.000160357
0.000160324
0.000160325
0.000160324
0.000160356
0.000160389
0.000160324
0.000160357
0.000160356
0.000160324
0.000160325
0.000160388
0.000160357
0.000160324
0.000160388
0.000160357
0.000160356
0.000160356
0.000167013
0.000160388
0.000160357
0.000160324
0.000160357
0.000160292
0.000160356
0.000160325
0.000160356
0.000160389
0.000160324
0.000160356
0.000160357
0.000160388
0.000160324
0.000160325
0.000160356
0.000160357
0.000160324
0.000160356
0.000160293
0.000160356
0.000160357
0.000160356
0.000167397
0.000160356
0.000160324
0.000160293
0.000160356
0.000167333
0.000160324
0.000160356
0.000160357
0.000160324
0.000160357
0.000160292
0.000160388
0.000160325
0.000160356
0.000160389
0.000160356
0.000160388
0.000160357
0.000160388
0.000160356
0.000160356
0.000160356
0.000160389
0.000160388
0.000168357
0.000160356
0.000160388
0.000160293
0.000160388
0.000160325
0.000160324
0.000160324
0.000160389
0.000160388
0.000160325
0.00016042
0.000160388
0.000160357
0.000160388
0.000160388
0.000160389
0.000160388
0.000160389
0.000160356
0.000160356
0.000160357
0.000160356
0.000160325
0.000160388
0.000165733
0.000160356
0.000160324
0.000160325
0.000160324
0.000166981
0.000160356
0.000160292
0.000160325
0.000160388
0.000160293
0.000160356
0.000160324
0.000160357
0.000160292
0.000160389
0.000160356
0.000160356
0.000160325
0.000160356
0.000160324
0.000160325
0.000160324
0.000160357
0.000160356
0.000165157
0.000160324
0.000160324
0.000160325
0.00016762
0.000160357
0.000160356
0.000160356
0.000160293
0.000160324
0.000160325
0.000160324
0.000160324
0.000160357
0.000160356
0.000160357
0.000160324
0.000160324
0.000160325
0.000160324
0.000160357
0.000160356
0.000160324
0.000160325
0.000160324
0.000166245
0.000160356
0.000160388
0.000160357
0.000160356
0.000160293
0.000160324
0.000160324
0.000160325
0.000160356
0.000160292
0.000160324
0.000160356
0.000160325
0.000160324
0.000160356
0.000160325
0.000160356
0.000160357
0.000160388
0.000160388
0.000160357
0.000160324
0.000160293
0.000160292
0.0001649
0.000160325
0.000160324
0.000160357
0.000160356
0.000160324
0.000160389
0.000160356
0.000160357
0.000167012
0.000160389
0.000160356
0.000160356
0.000160357
0.000160356
0.000160324
0.000160357
0.000160292
0.000160357
0.000160356
0.000160356
0.000160325
0.000160356
0.000160357
0.000164644
0.000160388
0.000160357
0.000160324
0.000167525
0.000160356
0.000160357
0.000160324
0.000160356
0.000160357
0.000160356
0.000160325
0.000160356
0.000160356
0.000160357
0.000160324
0.000160292
0.000160357
0.000160356
0.000160357
0.000160356
0.000160356
0.000160357
0.000160356
0.000160325
0.00016618
0.000160325
0.000160324
0.000160356
0.000160357
0.000160356
0.000160388
0.000160389
0.000160356
0.000160357
0.000160388
0.000160356
0.000160325
0.000160356
0.000160325
0.000160388
0.000160324
0.000160325
0.000160292
0.000160324
0.000160356
0.000160388
0.000160389
0.000160356
0.000160388
0.000164293
0.000160356
0.000160357
0.000160356
0.000160324
0.000160293
0.000160324
0.000160325
0.000160292
0.000160324
0.000160325
0.000160324
0.000160357
0.000160356
0.000160356
0.000160325
0.000160388
0.000160325
0.000160324
0.000160324
0.000160325
0.000160324
0.000160324
0.000160357
0.000160388
0.000164325
0.000160324
0.000160293
0.000160324
0.000160356
0.000160357
0.000160356
0.000160356
0.000160357
0.000160388
0.000160325
0.000160324
0.000160324
0.000160325
0.000160324
0.000160357
0.000160356
0.000160356
0.000160357
0.000160388
0.000160357
0.000160324
0.000160356
0.000160325
0.000160356
0.000165829
0.000160356
0.000160292
0.000160325
0.000160356
0.000160357
0.000160388
0.000160356
0.000160357
0.000160356
0.000160356
0.000160325
0.000160324
0.000160389
0.000160356
0.000160356
0.000160325
0.000160324
0.000160293
0.000160324
0.000160356
0.000160357
0.000160356
0.000160357
0.000160356
0.000164996
0.000160325
0.000160388
0.000160357
0.000160356
0.000160324
0.000160357
0.000160292
0.000160325
0.000160324
0.000160324
0.000160325
0.000160324
0.000160324
0.000160325
0.000160356
0.000160357
0.000160324
0.000160324
0.000160325
0.000160324
0.000160357
0.000160324
0.000160324
0.000160325
0.000166372
0.000160357
0.000160324
0.000160356
0.000160324
0.000160324
0.000160325
0.000160356
0.000160357
0.000160388
0.000160324
0.000160389
0.000160388
0.000160389
0.000160356
0.000160356
0.000160357
0.000160324
0.000160324
0.000160292
0.000160324
0.000160357
0.000160356
0.000160356
0.000165669
0.000160356
0.000160325
0.000160356
0.000160357
0.000160356
0.000160356
0.000160325
0.000160356
0.000160356
0.000160357
0.000160292
0.000160357
0.000160324
0.000160356
0.000160325
0.000160292
0.000160357
0.000160356
0.000160324
0.000160325
0.000160324
0.000160325
0.000160324
0.000160356
0.000165285
0.000160324
0.000160325
0.000160324
0.000160356
0.000160389
0.000160324
0.000160293
0.000160324
0.000160388
0.000160389
0.000160324
0.000160292
0.000160357
0.000160356
0.000160325
0.000160388
0.000160356
0.000160357
0.00016698
0.000160357
0.000160324
0.000160293
0.000160356
0.000160324
0.000164133
0.000160356
0.000160357
0.000160356
0.000160324
0.000160293
0.000160324
0.000160389
0.000160324
0.000160324
0.000160325
0.000160356
0.000160324
0.000160357
0.000160356
0.000160421
0.000160356
0.000160356
0.000160325
0.000160356
0.000160325
0.000160356
0.000160356
0.000160357
0.000160356
0.000165509
0.000160388
0.000160356
0.000160325
0.000160324
0.000160357
0.000160356
0.000160324
0.000160357
0.000160388
0.000160389
0.000160356
0.000160324
0.000160421
0.000160356
0.000160356
0.000160356
0.000167588
0.000160421
0.000160356
0.000160357
0.000160356
0.000160388
0.000160357
0.00016042
0.000165189
0.000160292
0.000160356
0.000160325
0.000160388
0.000160389
0.000160388
0.00016042
0.000160357
0.000160356
0.000160421
0.000160388
0.000160356
0.000160357
0.000160292
0.000160389
0.000160388
0.000160324
0.000160325
0.000160324
0.00016042
0.000160389
0.000160356
0.000160325
0.000160388
0.000167013
0.000160356
0.00016042
0.000160389
0.000160356
0.000160421
0.000160388
0.00016042
0.000160389
0.000160356
0.000160388
0.000160389
0.000160356
0.000160389
0.000160356
0.000160388
0.000160389
0.00016042
0.000160357
0.000160388
0.000160356
0.000160357
0.00016042
0.000160389
0.000166564
0.000160388
0.000160356
0.000160388
0.000160325
0.000160388
0.000160356
0.000160389
0.000160324
0.000160389
0.00016042
0.000160356
0.000160389
0.000160388
0.000160293
0.000160324
0.000160324
0.000160389
0.000160324
0.000160324
0.000160324
0.000160356
0.000160325
0.000160324
0.000160356
0.000164933
0.000160388
0.000160389
0.000160356
0.000160357
0.000160388
0.000160324
0.000160357
0.000160292
0.000160324
0.000160357
0.000160356
0.000160357
0.000160324
0.000160388
0.000160325
0.000160356
0.000160325
0.000160356
0.000160356
0.000160325
0.000160388
0.000160292
0.000160356
0.000160324
0.000165733
0.000160356
0.000160325
0.000160324
0.000160356
0.000160357
0.000160388
0.000160357
0.000160292
0.000160388
0.000160357
0.00016042
0.000160356
0.000160357
0.000160356
0.000160357
0.000160356
0.000160356
0.000160357
0.000160356
0.000160325
0.000160356
0.000160356
0.000160357
0.000160292
0.000166501
0.000160388
0.000160292
0.000160293
0.000160356
0.000160389
0.000160388
0.000160324
0.000160325
0.000160356
0.000160325
0.000160356
0.000160388
0.000160389
0.000160388
0.000160357
0.000160388
0.000160356
0.000311529
0.000160388
0.000160357
0.000160356
0.000160356
0.000160389
0.000168356
0.000160293
0.000160356
0.000160389
0.000160356
0.000160292
0.000160357
0.000160324
0.000160357
0.000160292
0.000160356
0.000160357
0.000160324
0.000160325
0.000160356
0.000160388
0.000160325
0.000160356
0.000160356
0.000160325
0.000160356
0.000160389
0.000160324
0.000160388
0.000160325
0.000167204
0.000160389
0.000160324
0.000160389
0.000160356
0.000160324
0.000160325
0.000160324
0.000160388
0.000160357
0.000160356
0.000160357
0.000160292
0.000160356
0.000160357
0.000160356
0.000160357
0.000160324
0.000160388
0.000160325
0.000160388
0.000160357
0.000160292
0.000160324
0.000160293
0.000166084
0.000160389
0.000160356
0.000160324
0.000160357
0.000160292
0.000160325
0.000160356
0.000160388
0.000160389
0.000161764
0.000160357
0.000160324
0.000160324
0.000160389
0.000160356
0.000160325
0.000160356
0.000160324
0.000160357
0.000160388
0.000160356
0.000160325
0.000160324
0.000168261
0.000160356
0.000160325
0.000160356
0.000160356
0.000160325
0.000160356
0.000160389
0.00016042
0.000160356
0.000160325
0.000160324
0.000160356
0.000160388
0.00016042
0.000160325
0.000160292
0.000160356
0.000160357
0.000160356
0.000160325
0.000160292
0.000160388
0.000160389
0.000160292
0.000167173
0.000160356
0.000160357
0.000160388
0.000160324
0.000160357
0.000160356
0.000160356
0.000160357
0.000160356
0.000160325
0.000160356
0.000160388
0.000160389
0.000160356
0.000160357
0.000160324
0.000160324
0.000160357
0.000160388
0.000160357
0.000160324
0.000160356
0.000160293
0.000165892
0.000160357
0.000160324
0.000160356
0.000160325
0.000160356
0.000160357
0.000160356
0.000160356
0.000160325
0.000160324
0.000160324
0.000160389
0.000160356
0.000160389
0.000160356
0.000160356
0.000160293
0.000160356
0.000160389
0.000160388
0.000160356
0.000160357
0.000160356
0.000160325
0.000165956
0.000160356
0.000160325
0.000160388
0.000160357
0.000160356
0.000160356
0.000160357
0.000160324
0.000160293
0.000160356
0.000160388
0.000160389
0.000160356
0.000160356
0.000160357
0.000160292
0.000160357
0.000160356
0.000160356
0.000160357
0.000160324
0.000160325
0.000160324
0.000160356
0.000164709
0.000160388
0.000160389
0.000160388
0.000160356
0.000160357
0.000160356
0.000160357
0.000160356
0.000160292
0.000160357
0.000160356
0.000160357
0.000160356
0.000160356
0.000160293
0.000160356
0.000160356
0.000160357
0.000160388
0.000160357
0.000160388
0.000160356
0.000160325
0.000160356
0.000165189
0.000160356
0.000160356
0.000160388
0.000160388
0.000160325
0.000160356
0.000160292
0.000160357
0.000160324
0.000160325
0.000160324
0.000160324
0.000160293
0.000160388
0.000160389
0.000160356
0.000160356
0.000160325
0.000160324
0.000160292
0.000160357
0.000160388
0.000160357
0.000160356
0.000164677
0.000160324
0.000160356
0.000160325
0.000160356
0.000160324
0.000160325
0.000160356
0.000160357
0.000160324
0.000160324
0.000160357
0.000160388
0.000160357
0.000160356
0.000160356
0.000160325
0.000160324
0.000160357
0.000160356
0.000160324
0.000160356
0.000160356
0.000160389
0.000160292
0.000164293
0.000160324
0.000160324
0.000160325
0.000160324
0.000160325
0.000160356
0.000160324
0.000160293
0.000160356
0.000160356
0.000160357
0.000160356
0.000160325
0.000160356
0.000160324
0.000160325
0.000160324
0.000160325
0.000160356
0.000160324
0.000160325
0.000160356
0.000160324
0.000160357
0.000165092
0.000160325
0.000160356
0.000160325
0.000160356
0.000160356
0.000160357
0.000160356
0.000160356
0.000160388
0.000160324
0.000160357
0.000160388
0.000160356
0.000160357
0.000160356
0.000160389
0.000160388
0.000160356
0.000160325
0.000160292
0.000160357
0.000160356
0.000160324
0.000165413
0.000160356
0.000160325
0.000160324
0.000160292
0.000160357
0.000160356
0.000160357
0.000160356
0.000160356
0.000160293
0.000160356
0.000160389
0.000160356
0.000160356
0.000160389
0.000160292
0.000160324
0.000160325
0.000160356
0.000160357
0.000160356
0.000160356
0.000160357
0.000160388
0.000164453
0.000160324
0.000160356
0.000160357
0.000160356
0.000160389
0.000160356
0.000160324
0.000160325
0.000160324
0.000160357
0.000160356
0.000160388
0.000160357
0.000160356
0.000160356
0.000160357
0.000160356
0.000160389
0.000160324
0.000160324
0.000160325
0.000160356
0.000160325
0.000160324
0.000164004
0.000160357
0.000160388
0.000160389
0.000160356
0.000160388
0.000160389
0.000160356
0.000160357
0.000160356
0.000160388
0.000160389
0.000160356
0.000160325
0.000160388
0.000160388
0.000160325
0.000160324
0.000160356
0.000160389
0.000160324
0.000160325
0.000160324
0.000160356
0.000160357
0.0001641
0.000160357
0.000160388
0.000160388
0.000160357
0.000160324
0.000160357
0.000160356
0.000160324
0.000160293
0.000160324
0.000160421
0.000160356
0.000160292
0.000160357
0.00017274
0.000160421
0.000172485
0.000166116
0.000165957
0.00016586
0.000165765
0.000160356
0.000160325
0.000160356
0.000167236
0.000160357
0.000160324
0.000160325
0.000160324
0.000160356
0.000160389
0.000160356
0.000160325
0.000160356
0.000160324
0.000160293
0.000160356
0.000160357
0.000160356
0.000160324
0.000160325
0.000160388
0.000160324
0.000160357
0.000160388
0.000160389
0.000160324
0.000160356
0.000166693
0.000160292
0.000160389
0.000160356
0.000160293
0.000160324
0.000160356
0.000160357
0.000160324
0.000160324
0.000160389
0.000160324
0.000160357
0.000160356
0.000160388
0.000160325
0.000160324
0.000160325
0.000160324
0.000160324
0.000160325
0.000160324
0.000160357
0.00016042
0.000160356
0.000165797
0.000160356
0.000160389
0.000160356
0.000160324
0.000160357
0.000160388
0.000160357
0.000160356
0.00016042
0.000160325
0.000160292
0.000160356
0.000160357
0.000160292
0.000160357
0.000160356
0.00016042
0.000160357
0.00016042
0.000160389
0.000160356
0.000160356
0.000160357
0.000160356
0.000165637
0.000160388
0.000160324
0.000160389
0.00016042
0.000160357
0.00016042
0.000160356
0.000160357
0.000160388
0.000160389
0.000160324
0.000160356
0.000160357
0.000160324
0.000160389
0.000160388
0.000160324
0.000160421
0.00016042
0.000160324
0.000160389
0.000160388
0.000160389
0.000160388
0.000170053
0.000160356
0.000160452
0.000160357
0.00016042
0.000160325
0.00016042
0.000160356
0.000160389
0.000160388
0.000160389
0.00016042
0.000160324
0.000160357
0.00016042
0.000160421
0.000160388
0.00016042
0.000160389
0.000160324
0.000160356
0.000160357
0.000160356
0.000160325
0.000160324
0.000166597
0.000160356
0.000160356
0.000160389
0.000160324
0.000160357
0.000160388
0.000160324
0.000160325
0.000160356
0.000160388
0.000160357
0.00016042
0.000160357
0.000160388
0.000160356
0.000160389
0.000160388
0.000160389
0.000160356
0.000160324
0.000160357
0.000160356
0.000160325
0.000160356
0.00016586
0.000160421
0.000160388
0.000160357
0.000160356
0.000160324
0.000160357
0.000160324
0.000160357
0.000160388
0.00016042
0.000160389
0.00016042
0.000160356
0.000160388
0.000160356
0.000160325
0.000160356
0.000160356
0.000160357
0.000160356
0.000160357
0.000160388
0.000160388
0.000166693
0.000160356
0.000160389
0.00016042
0.000160356
0.000160324
0.000160356
0.000160357
0.000160356
0.000160388
0.000160357
0.00016042
0.000160357
0.000160388
0.000160356
0.000160357
0.000160324
0.000160325
0.000160388
0.000160356
0.000160325
0.000160324
0.000160356
0.000160356
0.000160388
0.000167109
0.000160388
0.000160357
0.000160388
0.000160356
0.000160357
0.000160356
0.000160357
0.000160324
0.000160356
0.000160325
0.000160388
0.000160325
0.000160388
0.000160324
0.000160389
0.000160292
0.000160356
0.000160325
0.000160356
0.000160357
0.000160356
0.000160356
0.000160389
0.000160324
0.000165701
0.000160324
0.000160388
0.00016042
0.000160356
0.000160325
0.000160388
0.000160356
0.000309161
0.000160388
0.000160325
0.00016042
0.000160389
0.00016042
0.00016042
0.000160389
0.000160388
0.00016042
0.000160357
0.000160324
0.000160389
0.000160388
0.000160324
0.000160293
0.000167908
0.000160389
0.000160388
0.000160325
0.000160388
0.000160388
0.000160357
0.000160324
0.000160357
0.000160356
0.000160324
0.000160357
0.000160356
0.000160356
0.000160389
0.000160324
0.000160357
0.000160324
0.000160356
0.000160421
0.000160388
0.000160325
0.000160356
0.000160388
0.000160421
0.000166276
0.000160389
0.000160324
0.000160388
0.000160389
0.000160324
0.000160325
0.000160324
0.000160324
0.000160293
0.000160356
0.000160389
0.000160292
0.000160356
0.000160389
0.000160356
0.000160356
0.000160293
0.000160324
0.000160325
0.000160388
0.000160324
0.000160357
0.000160324
0.000160293
0.000164996
0.000160356
0.000160324
0.000160356
0.000160325
0.000160324
0.000160356
0.000160325
0.000160356
0.000160357
0.000160324
0.000160324
0.000160293
0.000160356
0.000160325
0.000160356
0.000160292
0.000160325
0.000160356
0.000160356
0.000160389
0.000160356
0.000160357
0.000160324
0.000160292
0.000166949
0.000160324
0.000160357
0.000160388
0.000160357
0.000160356
0.000160388
0.000160357
0.000160356
0.000160324
0.000160357
0.000160324
0.000160325
0.000160356
0.000160356
0.000160357
0.000160356
0.000160357
0.000160388
0.000160324
0.000160293
0.000160324
0.000160325
0.000160324
0.000160324
0.000165541
0.000160612
0.000160357
0.000160324
0.000160357
0.000160356
0.000160356
0.000160357
0.000160356
0.000160388
0.000160325
0.000160324
0.000160324
0.000160324
0.000160357
0.000160356
0.000160356
0.000160357
0.000160356
0.000160357
0.000160356
0.000160388
0.000160293
0.000160324
0.000167525
0.000160324
0.000160325
0.000160324
0.000160324
0.000160357
0.000160356
0.000160324
0.000160324
0.000160324
0.000160357
0.000160292
0.000160324
0.000160325
0.000160356
0.000160357
0.000160356
0.000160388
0.000160357
0.000160324
0.000160325
0.000160324
0.000160324
0.000160293
0.000164932
0.000160325
0.000160324
0.000160324
0.000160357
0.000160324
0.000160325
0.000160356
0.000160356
0.000160325
0.000160324
0.000160324
0.000160357
0.000160356
0.000160357
0.000160356
0.000160356
0.000160325
0.000160324
0.000160325
0.000160324
0.000160356
0.000160325
0.000160324
0.000160325
0.000167172
0.000160388
0.000160324
0.000160324
0.000160325
0.000160388
0.000160388
0.000160325
0.000160292
0.000160325
0.000160388
0.000160356
0.000160325
0.000160324
0.000160325
0.00016042
0.000160356
0.000160325
0.000160356
0.000160356
0.000160325
0.000160356
0.000160357
0.000160324
0.000160356
0.000164709
0.000160356
0.000160325
0.000160356
0.000160388
0.000160357
0.000160324
0.000160389
0.000160356
0.000160356
0.000160357
0.000160324
0.000160421
0.000160324
0.000160324
0.000160325
0.000160356
0.000160389
0.000160324
0.000160356
0.000160357
0.000160356
0.00016042
0.000160357
0.000160324
0.000164453
0.000160388
0.000160357
0.000160324
0.000160324
0.000160325
0.000160388
0.000160324
0.000160325
0.000160324
0.000160389
0.000160324
0.000160356
0.000160325
0.000160388
0.000160357
0.000160324
0.000160324
0.000160389
0.000160388
0.000160357
0.000160356
0.000160356
0.000160389
0.00016042
0.000164229
0.000160356
0.000160356
0.000160325
0.000160292
0.000160325
0.00016042
0.000160356
0.000160325
0.000160324
0.000160292
0.000160389
0.000160324
0.000160325
0.000160324
0.000160324
0.000160389
0.000160356
0.000160293
0.000160356
0.000160324
0.000160357
0.000160388
0.000160324
0.000160324
0.000164836
0.000173861
0.000176869
0.000173317
0.000160324
0.000160389
0.000160356
0.000160324
0.000160325
0.000160324
0.000160324
0.000160357
0.000160324
0.000160357
0.000160324
0.000160356
0.000160421
0.000160324
0.000160357
0.000160324
0.000160292
0.000160389
0.000160324
0.000160324
0.000165956
0.000172517
0.00016042
0.000160389
0.000160324
0.000160356
0.000160357
0.000160324
0.000160356
0.000160325
0.000160388
0.000160389
0.000160356
0.000160356
0.000160325
0.00016042
0.000160421
0.000160356
0.000160388
0.000160325
0.000160324
0.000160389
0.000160324
0.000160324
0.000160325
0.000164708
0.000160357
0.000160292
0.000160388
0.000160325
0.000160324
0.000160325
0.000160324
0.000160324
0.000160357
0.000160388
0.000160324
0.000160293
0.000160356
0.000160357
0.000160356
0.000160292
0.000160325
0.000160324
0.000160389
0.000160324
0.000160324
0.000160325
0.000160356
0.000160357
0.000164452
0.000160356
0.000160325
0.000160324
0.000160357
0.000160324
0.000160292
0.000160325
0.00016042
0.000160325
0.000160292
0.000160292
0.000160325
0.000160388
0.000160356
0.000160293
0.000160292
0.000160389
0.000160356
0.000160356
0.000160357
0.000160356
0.000160325
0.000160324
0.000160356
0.000165989
0.000160356
0.000160325
0.000160292
0.000160356
0.000160357
0.000160324
0.000160357
0.000160356
0.000160388
0.000160357
0.000160324
0.000160357
0.000160356
0.000160356
0.000160389
0.000160356
0.000160324
0.000160357
0.000160356
0.000160325
0.000160324
0.000160356
0.000160421
0.000160388
0.000164069
0.000160324
0.000160356
0.000160357
0.000160356
0.000160357
0.000160324
0.000160356
0.000160389
0.000160324
0.000160357
0.000160324
0.00016042
0.000160357
0.000160324
0.000160389
0.000160292
0.000160388
0.000160293
0.000160388
0.00016042
0.000160389
0.000160324
0.000160357
0.000160388
0.000165925
0.000160388
0.000160388
0.000160325
0.000160356
0.000160356
0.000160356
0.000160356
0.000160357
0.000160324
0.000160356
0.000160325
0.00016042
0.000160357
0.000160388
0.000160388
0.000160389
0.000160356
0.000160389
0.000160324
0.00016042
0.000160357
0.000160356
0.000160325
0.000166372
0.000160356
0.000160389
0.000160388
0.000160357
0.000160356
0.000160356
0.000160389
0.000160388
0.000160389
0.000160356
0.000160388
0.000160389
0.000160356
0.000160356
0.000160452
0.000160388
0.000160357
0.000160356
0.000160292
0.000160421
0.000160324
0.000160325
0.000160356
0.000160356
0.000165733
0.000166436
0.000160421
0.000160356
0.000160421
0.000160356
0.000160388
0.000160357
0.00016042
0.000160357
0.00016042
0.000160388
0.000160421
0.000160356
0.000160421
0.000160388
0.000160356
0.000160421
0.00016042
0.000160356
0.000160421
0.000160388
0.000160357
0.00016042
0.000160324
0.000165925
0.000160356
0.000160357
0.000160388
0.000160357
0.000160388
0.000160388
0.000160325
0.000160388
0.00016042
0.000160357
0.000160356
0.000160357
0.000160388
0.000160356
0.000160293
0.000160388
0.000160293
0.000160356
0.000160388
0.000160357
0.000160292
0.000160357
0.000160356
0.000160324
0.000165701
0.000160388
0.000160325
0.000160388
0.00016042
0.000160325
0.00016042
0.000160325
0.000160388
0.000160324
0.000160325
0.000160356
0.000160356
0.000160389
0.000160324
0.000160357
0.000160356
0.000160356
0.000160325
0.000160324
0.000160357
0.000160388
0.000160356
0.000160325
0.000160356
0.000166277
0.000160324
0.000160388
0.000160325
0.000160356
0.000160357
0.000160388
0.000160324
0.000160325
0.000160388
0.000160357
0.000160388
0.000160324
0.000160357
0.000160356
0.000160357
0.000160292
0.000160388
0.000160389
0.000160356
0.000160356
0.000160357
0.00016042
0.000160357
0.000160324
0.000166853
0.000160356
0.000160324
0.000160357
0.000160356
0.000160357
0.000160356
0.00016042
0.000160389
0.000160388
0.000160324
0.000160389
0.000160324
0.000160357
0.000160356
0.000160356
0.000160357
0.000160324
0.000160357
0.000160356
0.000160388
0.000160325
0.000160324
0.000160357
0.000160356
0.00016538
0.000160389
0.000160324
0.000160421
0.000160356
0.000160356
0.000160357
0.000160388
0.000160325
0.000160356
0.000160388
0.000160389
0.000160356
0.000160356
0.000160356
0.000160356
0.000160293
0.000160356
0.000160324
0.000160357
0.000160356
0.000160325
0.000305768
0.000173157
0.000160356
0.000160357
0.000160324
0.000160324
0.000160356
0.000160324
0.000160389
0.000160324
0.000160325
0.000160356
0.000160356
0.000160357
0.000160324
0.000160357
0.000160388
0.000160356
0.000160389
0.00016042
0.000160324
0.000160357
0.000160356
0.000160261
0.000160356
0.000160356
0.000167237
0.000160324
0.000160357
0.000160324
0.000160389
0.000160324
0.000160324
0.000160357
0.00016042
0.000160388
0.000160325
0.000160356
0.000160389
0.000160356
0.000160388
0.000160325
0.000160292
0.000160389
0.000160324
0.000160324
0.000160357
0.000160388
0.000160357
0.000160356
0.000160356
0.000166309
0.000160388
0.000160357
0.000160324
0.000160356
0.000160389
0.000160324
0.000160357
0.000160356
0.000160356
0.000160357
0.000160324
0.000160325
0.000160324
0.000160356
0.000160357
0.000160356
0.000160356
0.000160357
0.000160324
0.000160357
0.000160356
0.000160356
0.000160357
0.000160324
0.000166021
0.000160356
0.000160356
0.000160324
0.000160356
0.000160357
0.000160356
0.000160356
0.000160325
0.000160324
0.000160389
0.000160356
0.000160356
0.000160325
0.000160388
0.000160357
0.000160324
0.000160356
0.000160357
0.000160324
0.000160324
0.000160325
0.000160324
0.000160325
0.000160356
0.000164261
0.000160356
0.000160356
0.000160357
0.000160356
0.000160324
0.000160325
0.000160356
0.000160389
0.000160324
0.000160324
0.000160325
0.000160356
0.000160357
0.000160356
0.000160292
0.000160357
0.000160356
0.000160357
0.000160356
0.000160356
0.000160293
0.000160324
0.000160388
0.000160357
0.000165732
0.000160325
0.000160356
0.000160325
0.000160356
0.000160356
0.000160357
0.000160356
0.000160324
0.000160325
0.000160356
0.000160325
0.000160324
0.000160324
0.000160357
0.000160324
0.000160293
0.000160292
0.000160324
0.000160357
0.000160324
0.000160357
0.000160356
0.000160324
0.000160357
0.000164388
0.000160357
0.000160292
0.000160356
0.000160357
0.000160356
0.000160357
0.000160324
0.000160356
0.000160389
0.000160324
0.000160356
0.000160389
0.000160388
0.000160357
0.000160388
0.000162117
0.000160356
0.000160356
0.000160389
0.000160388
0.000160389
0.000160356
0.000160356
0.000170693
0.000160388
0.000160357
0.000160388
0.000160389
0.000160356
0.000160388
0.000160357
0.000160388
0.000160389
0.000160324
0.000160356
0.000160325
0.000160356
0.00016042
0.000160357
0.000160324
0.000160389
0.000160356
0.000160356
0.000160421
0.00016042
0.000160389
0.000160388
0.000166533
0.000160356
0.000160356
0.000160293
0.000160324
0.000160324
0.000160389
0.000160324
0.000160325
0.000160324
0.000160356
0.000160389
0.000160292
0.000160357
0.000160356
0.000160356
0.000160389
0.000160388
0.000160357
0.000160356
0.000160324
0.000160357
0.000160388
0.00016042
0.000160325
0.000165124
0.000160389
0.00016042
0.000160357
0.000160356
0.000160356
0.000160357
0.000160388
0.000160356
0.000160357
0.000160356
0.000160357
0.00016042
0.000160356
0.000160389
0.000160356
0.000160357
0.000160388
0.000160356
0.000160325
0.000160324
0.000160357
0.000160356
0.000160324
0.000160357
0.000166404
0.000160421
0.000160356
0.000160356
0.000160389
0.000160356
0.000160389
0.000160356
0.000160324
0.000160325
0.000160356
0.000160357
0.000160324
0.000160324
0.000160357
0.000160388
0.000160356
0.000160357
0.000160324
0.000160325
0.000160324
0.000160388
0.000160389
0.000160324
0.000160357
0.00016474
0.000160324
0.000160357
0.000160356
0.000160325
0.000160356
0.000160388
0.000160325
0.000160324
0.000160389
0.000160388
0.000160356
0.000160357
0.000160356
0.000160325
0.000160324
0.00016042
0.000160389
0.000160356
0.000160324
0.000160293
0.000160324
0.000160389
0.000160356
0.000160324
0.000163909
0.000160388
0.000160357
0.000160356
0.00016042
0.000160357
0.000160324
0.000160325
0.000160324
0.000160324
0.000160357
0.000160388
0.000160325
0.000160324
0.000160356
0.000160357
0.00016042
0.000160324
0.000160324
0.000160324
0.000160325
0.000160388
0.000160356
0.000160357
0.000160324
0.000165221
0.000160324
0.000160389
0.000160324
0.000160324
0.000160325
0.000160324
0.000160324
0.000160325
0.000160292
0.000160325
0.000160324
0.000160356
0.000160357
0.000160324
0.000160389
0.000160324
0.000160324
0.000160357
0.000160388
0.000160324
0.000160324
0.000160324
0.000160357
0.000160292
0.000164837
0.000160324
0.000160324
0.000160325
0.000160356
0.00016042
0.000160356
0.000160356
0.000160293
0.000160292
0.000160388
0.000160325
0.000160324
0.000160261
0.000160324
0.000160356
0.000160325
0.000160356
0.000160325
0.000160292
0.000160388
0.000160389
0.000160356
0.000160324
0.000160357
0.000160356
0.000160325
0.000160324
0.000160325
0.000160388
0.000160356
0.000160357
0.000160356
0.000160389
0.000160324
0.000160324
0.000160325
0.000160356
0.000160356
0.000160357
0.000160324
0.000160357
0.000160324
0.000160356
0.000160421
0.000160388
0.000160325
0.000160324
0.000160292
0.000164133
0.000160324
0.000160325
0.000160324
0.000160356
0.000160357
0.000160356
0.000160325
0.000160324
0.000160324
0.000160325
0.000160388
0.000160356
0.000160325
0.000160292
0.000160357
0.000160388
0.000160324
0.000160357
0.000160324
0.000160389
0.000160388
0.000160324
0.000160325
0.000160292
0.000164581
0.000160356
0.000160324
0.000160293
0.000160356
0.000160325
0.000160356
0.000160356
0.000160421
0.000160356
0.000160293
0.000160356
0.000160292
0.000160421
0.000160324
0.000160356
0.000160325
0.000160292
0.000160357
0.000160324
0.000160324
0.000160357
0.000160356
0.000160389
0.000160324
0.0001649
0.000160389
0.000160388
0.000160357
0.000160292
0.000160324
0.000160325
0.000160324
0.000160325
0.000160356
0.000160356
0.000160293
0.000160356
0.000160325
0.000160292
0.000160356
0.000160325
0.000160324
0.00016042
0.000160325
0.000160324
0.000160325
0.000160324
0.000160356
0.000160357
0.000163812
0.000160357
0.000160356
0.000160324
0.000160389
0.000160324
0.000160389
0.000160388
0.00016042
0.000160357
0.000160388
0.000160357
0.000160388
0.000160356
0.000160389
0.00016042
0.000160388
0.000160325
0.000160356
0.000160357
0.000160356
0.000160356
0.000160357
0.000160292
0.000160325
0.000166628
0.000160389
0.000160388
0.000160324
0.000160389
0.000160356
0.000160356
0.000160325
0.000160324
0.000160325
0.000160292
0.000160388
0.000160325
0.000160324
0.000160325
0.000160356
0.000160388
0.000160357
0.000160356
0.000160325
0.000160324
0.000160388
0.000160357
0.000160324
0.000160356
0.000164549
0.000160324
0.000160325
0.000160356
0.000160421
0.000160356
0.000160324
0.000160325
0.000160356
0.000160388
0.000160357
0.000160324
0.000160325
0.000160356
0.000160324
0.000160325
0.000160388
0.000160421
0.000160324
0.000160388
0.000160357
0.000160324
0.000160389
0.000160388
0.000160356
0.000165445
0.000160356
0.000160357
0.00016042
0.000160388
0.000160325
0.000160388
0.000160357
0.000160324
0.000160388
0.000160293
0.000160356
0.000160356
0.000160357
0.000160356
0.000160357
0.000160356
0.000160324
0.000160389
0.000160388
0.000160389
0.000160388
0.00016042
0.000160357
0.000166532
0.000160357
0.000160388
0.000160388
0.000160293
0.000160388
0.000160293
0.000160324
0.000160324
0.000160325
0.000160356
0.000160325
0.000160356
0.000160356
0.000160325
0.000160356
0.000160325
0.000160356
0.000160324
0.000160357
0.000160356
0.000160356
0.000160325
